timeStep areaDensityCounting-PID5 areaDensityCounting-PID6 areaDensityCounting-PID7 areaDensityCounting-PID8 areaDensityCounting-PID9 areaDensityCounting-PID10 areaDensityCounting-PID11 areaDensityCounting-PID12 areaDensityCounting-PID13 areaDensityCounting-PID14 areaDensityCounting-PID15 areaDensityCounting-PID16 areaDensityCounting-PID17
1 0 0 10 0 10 6 0 0 10 0 10 0 6
2 0 0 10 0 10 6 0 0 10 0 10 0 6
3 1 3 7 3 14 11 3 0 13 3 7 1 11
4 1 3 7 3 17 11 3 0 17 3 7 1 11
5 3 3 7 6 14 12 6 0 14 5 5 4 13
6 4 4 7 7 13 13 8 0 14 4 4 4 14
7 4 5 7 7 13 14 8 1 13 4 4 7 13
8 5 5 7 7 13 13 8 1 14 4 3 7 13
9 7 5 7 7 13 11 8 1 14 4 3 7 13
10 9 5 8 7 13 8 8 1 14 4 3 7 13
11 8 5 9 7 13 8 7 1 14 5 3 7 13
12 7 6 9 7 13 8 8 1 13 5 3 7 13
13 6 6 9 7 13 9 8 1 13 5 3 8 12
14 6 6 9 7 13 9 8 1 13 5 3 8 12
15 6 6 9 7 13 9 8 2 12 4 4 7 13
16 5 6 9 7 13 10 8 2 12 5 3 7 13
17 5 6 10 7 13 9 9 2 11 5 3 8 12
18 6 6 10 8 12 8 9 2 12 5 2 6 14
19 5 6 10 8 13 9 10 1 11 5 2 6 14
20 5 6 11 8 13 8 10 1 11 4 3 8 12
21 5 6 10 8 14 8 11 1 10 4 3 8 12
22 5 7 10 8 12 8 11 2 10 3 4 9 11
23 5 7 10 9 12 8 11 1 10 4 3 8 12
24 5 7 10 9 12 8 10 1 11 4 3 8 12
25 5 7 10 8 13 8 10 1 11 4 3 9 11
26 5 7 10 8 13 8 10 1 11 4 3 10 10
27 5 7 10 8 13 8 9 1 11 4 4 10 10
28 5 7 10 8 13 8 8 1 12 4 4 10 10
29 5 7 10 8 13 8 8 1 12 5 4 10 9
30 5 7 9 8 13 8 9 1 11 5 4 10 9
31 5 7 9 8 13 8 9 1 11 4 5 10 9
32 5 7 9 8 13 8 9 1 11 4 5 10 9
33 5 7 9 8 13 8 8 1 12 4 5 10 9
34 5 7 9 8 13 8 9 1 11 3 6 10 9
35 5 7 9 8 13 7 10 1 10 4 5 9 10
36 5 7 9 8 13 7 10 1 10 3 5 12 8
37 5 7 8 8 13 8 10 1 9 3 6 10 10
38 5 7 9 8 13 8 10 1 9 3 6 10 10
39 5 7 9 8 13 8 9 1 10 3 6 10 10
40 6 7 9 8 13 7 8 1 12 3 5 11 9
41 6 7 9 8 13 7 9 2 10 3 5 10 10
42 5 8 9 8 13 7 10 1 10 3 5 10 10
43 6 7 9 8 13 7 10 1 10 2 6 10 10
44 7 6 9 8 13 7 10 1 10 3 6 9 10
45 7 6 9 8 13 7 9 1 11 3 6 8 11
46 7 6 9 8 13 7 9 1 11 3 6 8 11
47 6 6 9 8 13 8 8 1 11 3 6 8 12
48 6 6 9 8 13 8 10 1 9 3 6 8 12
49 6 6 10 8 13 7 10 1 9 3 6 8 12
50 6 7 9 8 13 7 10 1 9 3 6 7 13
51 5 8 9 8 13 7 10 1 9 3 6 8 12
52 4 8 9 8 13 8 10 2 8 3 6 8 12
53 3 8 10 8 13 8 9 2 8 3 7 8 12
54 4 7 10 8 13 8 9 2 8 4 6 8 12
55 4 7 10 8 13 8 9 1 9 4 6 8 12
56 5 8 9 8 13 7 9 1 9 4 6 8 12
57 5 8 9 8 13 7 9 1 9 4 6 9 11
58 5 7 10 8 13 7 10 1 9 4 5 7 13
59 5 7 10 8 13 7 10 1 9 4 5 8 12
60 5 7 10 8 13 7 10 1 9 2 7 8 12
61 6 6 10 8 13 7 10 1 9 2 7 8 12
62 6 6 10 8 13 7 10 1 9 3 6 9 11
63 6 6 10 8 13 7 9 1 9 4 6 11 9
64 5 6 10 8 13 8 8 1 10 4 6 10 10
65 4 7 10 8 13 8 9 2 8 5 6 10 9
66 4 7 10 8 13 8 9 1 9 6 5 9 10
67 4 6 11 8 13 8 9 1 9 5 5 11 9
68 4 7 10 8 13 8 9 1 9 4 6 10 10
69 4 6 10 9 13 8 10 1 8 4 6 9 11
70 4 6 10 9 13 8 10 1 8 3 7 8 12
71 4 6 10 9 13 8 11 1 7 3 7 9 11
72 4 6 10 9 13 8 9 1 9 4 6 8 12
73 4 6 10 9 13 8 10 1 8 4 6 7 13
74 4 7 9 9 13 8 10 1 8 5 5 7 13
75 4 7 9 9 13 8 11 1 7 4 6 7 13
76 4 7 10 9 13 8 9 1 9 4 6 7 13
77 4 7 9 10 13 8 10 1 8 5 5 7 13
78 4 7 9 8 14 8 8 1 10 5 5 7 13
79 4 6 10 9 14 8 9 1 9 4 5 9 12
80 4 5 10 10 14 8 9 1 9 4 5 8 13
81 4 7 9 9 14 8 9 1 9 4 5 8 13
82 4 7 9 9 14 8 7 1 11 6 4 8 12
83 4 7 9 9 14 8 6 1 12 4 5 9 12
84 4 7 9 9 14 8 7 1 11 4 5 9 12
85 4 7 9 10 13 8 7 1 11 4 5 8 13
86 4 7 9 10 13 8 8 1 10 3 5 8 14
87 4 7 9 10 13 8 10 1 8 4 4 8 14
88 4 7 9 10 13 8 8 1 9 5 4 7 15
89 4 8 8 10 13 8 8 1 9 5 5 7 14
90 4 8 8 10 13 8 7 1 10 5 5 8 13
91 4 8 8 10 13 8 7 1 10 5 5 6 15
92 4 8 8 10 13 8 8 1 10 4 5 7 14
93 4 8 8 10 13 8 9 1 8 3 6 8 14
94 4 8 8 10 13 8 7 1 10 4 6 7 14
95 4 8 8 10 13 8 7 1 10 5 6 6 14
96 4 9 7 10 13 8 7 1 10 4 6 7 14
97 4 9 7 10 13 8 8 1 9 4 6 7 14
98 4 8 8 10 13 8 8 1 9 4 6 7 14
99 4 7 9 10 13 8 8 1 9 5 7 7 12
100 4 7 9 10 13 8 8 1 9 4 8 8 11
101 4 9 8 10 13 7 9 1 8 4 8 6 13
102 4 9 8 10 13 7 9 1 8 4 8 6 13
103 4 9 7 10 14 7 9 0 9 3 8 6 14
104 4 9 7 10 14 7 9 0 8 5 8 5 14
105 4 9 7 10 14 7 8 1 8 3 10 5 14
106 4 9 7 10 14 7 8 1 8 3 10 6 13
107 4 8 8 10 14 7 8 1 9 4 7 6 14
108 4 8 8 10 14 7 8 1 9 3 8 7 13
109 4 8 8 10 14 7 7 1 9 6 7 6 13
110 4 8 8 10 14 7 6 1 10 6 7 8 11
111 4 8 8 10 14 7 7 1 9 7 6 6 13
112 4 9 7 10 14 7 9 1 7 6 7 7 12
113 4 9 7 10 14 7 8 1 8 6 7 7 12
114 4 9 7 10 14 7 8 1 8 6 7 7 12
115 4 9 7 10 14 7 8 1 8 6 7 7 12
116 4 9 7 10 14 7 10 0 7 6 7 7 12
117 4 9 7 10 14 7 10 0 7 6 7 8 11
118 4 9 7 10 14 7 9 1 7 5 6 10 11
119 4 9 7 10 14 7 9 1 7 6 6 9 11
120 4 9 7 10 14 7 8 1 8 6 6 10 10
121 4 9 7 10 14 7 8 1 8 6 7 9 10
122 4 9 7 10 14 7 10 1 7 5 7 8 11
123 4 9 7 10 14 7 11 0 7 4 7 9 11
124 4 9 7 10 14 7 11 0 7 4 6 9 12
125 4 9 7 10 14 7 11 0 7 6 5 8 12
126 4 9 7 10 14 7 11 0 7 6 5 9 11
127 4 9 7 10 14 7 12 0 6 6 6 9 10
128 4 9 7 10 14 7 11 0 6 6 5 11 10
129 4 9 7 10 14 7 11 0 6 6 5 11 10
130 4 8 8 10 14 7 10 0 7 6 5 11 10
131 4 8 8 10 14 7 10 0 6 6 7 10 10
132 4 8 8 10 14 7 9 0 7 6 7 9 11
133 4 8 8 10 14 7 9 0 7 6 7 10 10
134 4 8 8 9 15 7 10 0 7 6 6 10 10
135 4 8 8 9 15 7 9 0 7 7 6 10 10
136 4 8 8 9 15 7 8 0 9 6 5 10 11
137 4 8 8 9 15 7 8 0 9 6 5 10 11
138 4 8 7 9 16 7 10 0 7 7 5 9 11
139 4 8 7 9 16 7 10 0 7 6 5 9 12
140 4 7 8 9 16 7 10 0 7 6 5 9 12
141 4 7 8 9 15 7 9 0 7 6 6 9 12
142 4 7 8 9 15 7 8 0 8 6 6 9 12
143 4 7 8 9 15 7 9 1 8 6 5 10 11
144 4 6 9 10 14 7 8 1 9 6 4 10 12
145 4 6 8 10 14 7 7 1 10 6 4 10 12
146 4 6 8 9 15 7 7 1 10 6 5 9 12
147 4 6 7 10 16 7 7 1 9 7 5 9 12
148 4 6 7 10 16 7 8 1 8 6 5 10 12
149 4 6 7 10 16 7 8 1 8 7 6 9 11
150 4 7 6 10 16 7 7 1 9 7 6 9 11
151 4 7 6 10 16 7 7 1 9 7 5 9 12
152 4 6 7 9 16 7 7 1 9 7 6 9 12
153 4 6 7 9 16 7 7 1 9 7 6 8 13
154 4 6 7 9 16 7 9 1 7 7 6 8 13
155 4 6 7 9 16 7 8 1 7 7 7 9 12
156 4 6 7 10 15 7 9 1 7 6 7 8 13
157 4 6 7 10 15 7 9 1 7 6 7 9 12
158 4 6 7 10 15 7 8 1 8 6 7 10 11
159 4 6 7 10 15 7 7 1 7 7 8 10 11
160 4 6 7 10 14 7 9 1 6 7 8 11 10
161 4 6 7 9 15 7 10 1 5 7 8 10 11
162 4 6 7 8 16 7 9 1 7 6 8 10 11
163 4 5 8 8 16 7 9 1 7 6 8 10 11
164 4 5 8 9 15 7 9 1 7 6 8 10 11
165 4 5 8 10 14 7 10 1 6 6 8 9 12
166 4 6 6 9 16 7 9 1 7 6 8 10 11
167 4 5 7 9 16 7 8 1 7 7 8 11 10
168 4 5 7 9 16 7 9 1 6 7 8 10 11
169 4 5 7 9 16 7 7 1 7 7 8 11 11
170 4 6 6 9 16 7 7 1 7 8 8 10 11
171 4 5 6 10 16 7 9 1 6 8 7 10 11
172 4 5 6 10 15 7 8 1 8 8 7 10 11
173 4 5 6 10 15 7 7 1 9 8 7 11 10
174 4 5 6 9 16 7 7 1 9 8 7 11 10
175 4 5 6 10 15 7 6 1 9 8 8 11 10
176 4 5 6 10 15 7 6 1 9 8 8 10 11
177 4 5 6 11 14 7 6 1 9 8 8 10 11
178 4 5 6 10 15 7 7 1 8 8 8 10 11
179 4 5 6 11 14 7 7 1 7 7 10 10 11
180 4 4 7 11 14 7 7 1 7 7 10 11 10
181 4 4 7 11 14 7 7 1 7 7 10 11 10
182 4 4 7 11 14 7 7 1 7 9 9 9 11
183 4 4 7 11 14 7 7 1 7 9 9 9 11
184 4 4 6 11 15 7 7 1 7 10 8 9 11
185 4 4 6 12 14 7 6 1 7 10 9 10 10
186 4 4 6 12 14 7 6 1 7 10 10 9 10
187 4 4 6 12 14 7 6 1 7 11 9 9 10
188 4 4 6 12 14 7 6 1 7 11 8 9 11
189 4 4 6 13 13 7 6 1 7 11 9 8 11
190 4 4 6 13 13 7 6 1 7 11 9 8 11
191 4 4 6 12 14 7 6 1 7 12 8 9 10
192 4 4 6 11 15 7 6 1 7 11 9 10 9
193 4 4 6 10 16 7 6 1 7 11 10 8 10
194 4 4 6 10 16 7 6 1 7 10 10 9 10
195 4 4 6 10 15 7 7 1 7 10 10 9 10
196 4 4 6 11 14 7 7 1 7 10 10 9 10
197 4 4 6 11 14 7 6 1 8 10 11 8 10
198 4 4 6 9 16 7 6 1 8 10 11 8 10
199 4 4 6 9 16 7 7 1 7 10 11 8 10
200 4 4 6 9 16 7 6 1 9 11 9 7 11
201 4 4 6 9 16 7 6 1 9 11 9 8 10
202 4 4 6 9 16 7 6 1 8 11 10 8 10
203 4 4 6 9 16 7 6 1 8 11 10 8 10
204 4 4 6 8 17 7 6 1 8 12 9 8 10
205 4 4 6 8 17 7 6 1 8 13 9 8 9
206 4 4 6 8 17 7 7 1 7 13 9 8 9
207 4 4 6 8 17 7 7 1 7 13 9 8 9
208 4 4 6 8 16 7 8 2 7 12 9 8 9
209 4 4 6 9 16 7 8 1 7 12 9 8 9
210 4 4 6 10 15 7 8 1 7 12 9 8 9
211 4 4 6 10 15 7 8 1 7 12 9 8 9
212 4 4 6 10 15 7 8 1 7 12 9 7 10
213 4 4 6 10 15 7 9 1 7 10 9 8 10
214 4 4 6 9 16 7 8 1 7 11 9 9 9
215 4 4 6 9 16 7 8 1 7 10 10 9 9
216 4 4 6 10 15 7 8 1 7 10 10 9 9
217 4 4 6 11 14 7 8 1 7 10 10 9 9
218 4 4 6 11 14 7 8 1 7 10 10 9 9
219 4 4 6 11 14 7 8 1 7 10 10 9 9
220 4 4 6 11 13 7 8 1 8 11 9 9 9
221 4 4 6 12 13 7 7 0 9 11 9 9 9
222 4 4 6 11 14 7 7 1 8 11 9 9 9
223 4 4 6 11 14 7 6 1 9 11 9 9 9
224 4 4 6 11 14 7 7 1 9 10 9 9 9
225 4 4 6 11 14 7 7 1 9 10 9 9 9
226 4 4 6 11 14 7 7 1 9 10 9 9 9
227 4 4 6 11 14 7 7 1 9 10 9 9 9
228 4 4 6 11 14 7 7 1 9 10 9 9 9
229 4 4 5 11 14 7 7 1 9 10 9 9 9
230 4 4 5 11 14 7 7 1 9 10 9 9 9
231 4 4 5 11 13 7 8 1 9 11 8 9 9
232 4 4 5 11 13 7 9 1 9 10 8 9 9
233 4 4 5 10 14 7 9 1 9 9 9 9 9
234 4 4 5 10 14 7 9 1 9 9 10 8 9
235 4 4 5 10 14 7 9 1 9 9 10 8 9
236 4 4 5 10 14 7 9 1 9 8 10 9 9
237 4 4 5 10 14 7 10 1 8 8 10 9 9
238 4 4 5 10 14 7 10 1 8 9 9 9 9
239 4 4 5 10 14 7 10 1 8 9 9 9 9
240 4 4 5 10 14 7 10 1 8 9 9 9 9
241 4 4 5 10 14 7 10 1 8 9 9 9 9
242 4 4 5 10 14 7 10 1 8 10 9 8 9
243 4 4 5 10 14 7 10 1 8 10 9 8 9
244 4 4 5 10 14 7 9 1 9 9 10 7 10
245 4 4 5 10 14 7 9 1 9 10 9 7 10
246 4 4 5 10 14 7 9 1 9 11 8 7 10
247 4 4 6 10 13 7 9 1 10 11 8 6 11
248 4 4 5 10 14 7 10 1 10 9 8 7 11
249 4 4 5 10 14 7 10 1 9 10 8 7 11
250 4 4 5 10 14 7 9 1 10 10 8 8 10
251 4 4 5 10 14 7 10 1 9 10 8 8 10
252 4 4 5 10 14 7 10 1 10 9 8 8 10
253 4 4 5 10 14 7 10 1 10 10 7 8 10
254 4 4 5 9 15 7 11 1 9 10 7 8 10
255 4 4 5 9 15 7 9 1 10 11 7 8 10
256 4 4 5 11 14 7 9 1 10 10 7 8 10
257 4 4 5 11 14 7 10 1 9 9 8 8 10
258 4 4 5 10 15 7 10 1 9 9 8 8 10
259 4 4 5 11 14 7 10 1 9 9 8 8 10
260 4 4 5 10 15 7 10 1 9 9 8 8 10
261 4 4 5 10 15 7 9 1 9 10 8 8 10
262 4 4 5 10 15 7 8 1 10 10 8 8 10
263 4 4 6 10 14 7 8 1 10 11 7 8 10
264 4 4 6 10 14 7 9 1 10 10 7 8 10
265 4 4 6 11 13 7 8 1 10 10 8 8 10
266 4 4 6 10 14 7 8 1 10 11 7 8 10
267 4 4 6 10 14 7 8 1 10 11 7 8 10
268 4 4 6 10 14 7 8 1 11 10 7 9 9
269 4 4 6 11 13 7 8 1 11 10 7 9 9
270 4 4 6 11 13 7 8 1 11 10 7 8 10
271 4 4 6 9 15 7 10 1 9 9 9 8 9
272 4 4 6 10 14 7 9 1 10 9 9 8 9
273 4 4 6 10 14 7 8 1 11 9 9 8 9
274 4 4 6 10 14 7 9 1 10 9 9 8 9
275 4 4 6 9 15 7 9 1 10 10 8 9 8
276 4 4 6 9 15 7 9 1 10 10 8 9 8
277 4 4 7 9 14 7 9 1 10 10 8 8 9
278 4 4 7 9 14 7 9 1 10 9 9 8 9
279 4 4 7 9 14 7 8 1 11 9 9 8 9
280 4 4 7 9 14 7 9 1 10 9 9 8 9
281 4 4 7 8 15 7 9 1 10 9 9 8 9
282 4 4 7 10 13 7 9 1 10 9 9 8 9
283 4 4 7 10 12 7 10 1 10 9 9 8 9
284 4 4 7 10 12 7 10 1 10 9 9 8 9
285 4 4 7 10 12 7 10 1 10 8 10 8 9
286 4 4 7 9 12 7 11 1 10 8 10 7 10
287 4 4 7 8 13 7 11 1 10 8 10 7 10
288 4 4 7 8 12 7 12 1 10 7 10 7 10
289 4 4 7 8 12 7 12 1 10 7 10 7 10
290 4 4 7 8 12 7 12 1 10 7 10 7 10
291 4 4 7 9 11 7 10 1 11 9 10 6 10
292 4 4 7 9 11 7 10 1 11 9 10 6 10
293 4 4 7 9 12 7 10 1 10 9 10 7 10
294 4 4 7 8 12 7 10 1 11 9 10 7 10
295 4 4 7 7 13 7 9 1 11 11 9 7 10
296 4 4 6 8 13 7 9 1 12 10 9 7 10
297 4 4 6 8 13 7 9 1 12 9 10 7 10
298 4 4 6 8 13 7 9 1 12 8 11 7 10
299 4 4 6 8 13 7 9 1 12 8 11 7 10
300 4 4 6 9 11 7 9 1 11 8 12 7 10
301 4 4 6 9 11 7 9 1 11 8 12 7 10
302 4 4 6 9 11 7 9 1 10 9 12 7 10
303 4 4 6 9 12 7 8 1 11 9 12 7 10
304 4 4 6 9 12 7 8 1 11 9 12 7 10
305 4 4 6 9 12 7 9 1 10 8 13 7 10
306 4 4 6 9 12 7 9 1 10 9 12 7 10
307 4 4 6 9 12 7 10 1 11 8 10 7 11
308 4 4 6 9 12 7 10 1 11 8 10 7 11
309 4 4 6 8 12 7 10 1 11 9 10 7 11
310 4 4 6 8 12 7 10 1 11 9 10 7 11
311 4 4 6 9 11 7 10 1 11 9 10 8 10
312 4 4 6 9 11 7 11 1 10 9 10 8 10
313 4 4 6 9 11 7 11 1 10 10 9 8 10
314 4 4 6 9 11 7 10 1 11 10 9 8 10
315 4 4 6 9 11 7 9 1 11 10 10 8 10
316 4 4 6 10 10 7 9 1 11 10 10 8 10
317 4 4 6 9 11 7 9 1 11 10 9 9 10
318 4 4 6 8 11 7 10 1 11 10 9 9 10
319 4 4 6 9 10 7 10 1 11 9 9 9 11
320 4 4 6 9 10 7 11 1 10 8 10 9 11
321 4 4 6 8 11 7 12 1 9 7 11 8 12
322 4 4 6 8 11 7 11 1 9 9 10 8 12
323 4 4 6 7 12 7 10 1 10 9 9 8 13
324 4 4 6 7 12 7 10 1 10 9 11 8 11
325 4 4 6 8 11 7 10 1 10 8 12 8 11
326 4 4 6 8 11 7 8 1 11 10 10 8 12
327 4 4 6 8 11 7 8 1 11 11 9 8 12
328 4 4 6 8 11 7 8 1 11 11 9 8 12
329 4 4 6 8 11 7 8 1 11 11 9 8 12
330 4 4 6 7 12 7 7 1 11 11 10 8 12
331 4 4 6 8 11 7 8 1 11 8 12 8 12
332 4 4 6 8 11 7 8 1 11 9 11 8 12
333 4 4 6 8 11 7 9 1 10 9 11 8 12
334 4 4 6 8 11 7 8 1 11 8 12 8 12
335 4 4 6 8 11 7 8 1 11 9 11 9 11
336 4 4 6 6 12 7 8 2 11 9 11 10 10
337 4 4 6 6 12 7 9 1 11 9 11 10 10
338 4 4 6 7 11 7 9 1 10 10 11 10 10
339 4 4 6 7 11 7 9 1 10 10 11 10 10
340 4 4 6 7 11 7 8 1 11 9 12 11 9
341 4 4 6 7 11 7 8 1 11 11 11 11 8
342 4 4 6 7 11 7 8 1 11 11 11 11 8
343 4 4 6 7 11 7 8 1 11 11 11 10 9
344 4 4 6 6 12 7 8 1 11 11 11 10 9
345 4 4 6 6 12 7 8 1 11 11 11 10 9
346 4 4 6 6 12 7 8 1 11 11 11 10 9
347 4 4 6 7 11 7 8 1 11 11 11 10 9
348 4 4 6 7 10 7 8 2 11 11 11 10 9
349 4 4 6 7 10 7 8 2 11 10 12 10 9
350 4 4 6 6 11 7 9 1 11 10 12 10 9
351 4 4 6 6 11 7 9 1 11 10 12 10 9
352 4 4 6 6 11 7 9 1 11 10 12 10 9
353 4 4 6 6 11 7 9 1 11 10 12 10 9
354 4 4 6 6 11 7 9 1 11 10 12 10 9
355 4 4 6 6 11 7 9 1 11 10 12 10 9
356 4 4 6 6 11 7 9 1 11 11 11 10 9
357 4 4 6 6 11 7 8 1 11 12 11 10 9
358 4 4 6 7 10 7 6 1 12 12 12 10 9
359 4 4 6 7 10 7 7 1 11 12 12 10 9
360 4 4 6 7 10 7 8 1 9 13 12 10 9
361 4 4 6 8 9 7 8 1 9 13 12 10 9
362 4 4 6 8 9 7 7 1 10 12 13 10 9
363 4 4 6 7 10 7 7 1 10 13 12 10 9
364 4 4 6 7 10 7 7 1 10 13 12 10 9
365 4 4 6 7 10 7 7 1 10 11 13 11 9
366 4 4 6 7 10 7 7 1 10 13 10 11 10
367 4 4 6 7 10 7 7 1 10 13 11 10 10
368 4 4 6 7 10 7 7 1 10 12 11 10 11
369 4 4 6 7 10 7 7 1 10 12 11 10 11
370 4 4 6 6 10 7 8 1 10 12 11 10 11
371 4 4 6 6 10 7 8 1 10 12 11 11 10
372 4 4 6 6 10 7 8 1 10 12 11 11 10
373 4 4 6 6 10 7 8 1 10 12 11 11 10
374 4 4 6 6 10 7 8 1 10 13 10 11 10
375 4 4 6 6 10 7 8 1 10 13 10 11 10
376 4 4 6 7 9 7 8 1 10 13 10 11 10
377 4 4 6 7 8 7 8 2 10 13 10 11 10
378 4 4 6 7 9 7 9 0 10 13 10 11 10
379 4 4 6 8 7 7 8 1 10 13 11 11 10
380 4 4 6 8 8 7 8 0 10 13 11 11 10
381 4 4 6 8 8 7 8 0 10 13 10 11 11
382 4 4 6 8 8 7 8 0 10 13 10 11 11
383 4 4 6 7 9 7 8 0 10 13 10 11 11
384 4 4 6 7 8 7 8 1 10 13 10 11 11
385 4 4 6 6 9 7 7 1 10 14 10 11 11
386 4 4 6 5 10 7 7 1 10 14 10 11 11
387 4 4 6 5 10 7 7 1 10 14 10 11 11
388 4 4 6 5 10 7 7 1 10 13 11 11 11
389 4 4 6 5 10 7 8 1 9 13 11 11 11
390 4 4 6 6 8 7 8 1 10 13 11 11 11
391 4 4 6 7 7 7 8 1 10 12 12 11 11
392 4 4 6 7 7 7 8 1 10 12 12 11 11
393 4 4 6 7 7 7 8 1 10 12 12 11 11
394 4 4 6 7 7 7 8 1 10 12 12 11 11
395 4 4 6 7 7 7 8 1 10 12 12 11 11
396 4 4 6 8 6 7 8 1 10 12 12 11 11
397 4 4 6 8 6 7 8 1 10 12 12 11 11
398 4 4 6 7 7 7 9 1 9 12 12 11 11
399 4 4 6 7 7 7 8 1 10 12 12 11 11
400 4 4 7 6 7 7 8 1 10 12 12 11 11
401 4 4 7 7 6 7 8 1 10 12 12 11 11
402 4 4 7 7 6 7 8 1 10 12 12 11 11
403 4 4 7 7 6 7 8 1 10 12 12 11 11
404 4 4 7 7 6 7 8 1 10 12 12 11 11
405 4 4 7 6 7 7 9 1 9 12 12 11 11
406 4 4 7 7 6 7 9 1 9 12 12 11 11
407 4 4 7 7 6 7 9 1 9 13 11 11 11
408 4 4 7 7 6 7 9 1 9 13 11 11 11
409 4 4 7 7 6 7 9 1 9 13 11 11 11
410 4 4 7 7 6 7 9 1 9 13 11 11 11
411 4 4 7 7 6 7 9 1 9 13 11 11 11
412 4 4 7 8 5 7 9 1 9 13 11 11 11
413 4 4 7 8 5 7 9 1 10 13 10 11 11
414 4 4 7 8 5 7 9 1 10 13 10 11 11
415 4 4 7 8 5 7 9 1 10 12 11 11 11
416 4 4 7 8 5 7 9 1 9 13 11 11 11
417 4 4 7 8 5 7 9 1 9 13 11 11 11
418 4 4 7 8 5 7 9 1 9 13 11 11 11
419 4 4 7 8 5 7 9 1 9 13 11 11 11
420 4 4 7 8 5 7 9 1 9 13 11 11 11
421 4 4 7 8 5 7 9 1 9 13 11 11 11
422 4 4 7 8 5 7 9 1 9 13 11 11 11
423 4 4 7 8 5 7 9 1 9 13 11 11 11
424 4 4 7 8 5 7 9 1 9 13 11 11 11
425 4 4 7 7 6 7 9 1 9 13 11 11 11
426 4 4 7 7 6 7 9 1 9 13 11 11 11
427 4 4 7 7 6 7 9 1 9 13 11 11 11
428 4 4 7 7 6 7 9 1 9 13 11 11 11
429 4 4 7 8 4 7 9 1 10 13 11 11 11
430 4 4 7 7 6 7 9 0 9 14 11 12 10
431 4 4 7 7 6 7 8 0 10 14 11 12 10
432 4 4 7 7 5 7 8 1 10 13 12 12 10
433 4 4 7 7 5 7 8 1 10 13 12 12 10
434 4 4 7 7 5 7 9 0 10 12 13 13 9
435 4 4 7 7 5 7 8 1 10 12 13 13 9
436 4 4 7 7 5 7 8 1 10 12 13 14 8
437 4 4 7 7 5 7 9 1 9 14 11 14 8
438 4 4 7 7 5 7 9 1 10 13 11 14 8
439 4 4 7 7 5 7 8 1 10 13 12 13 9
440 4 4 7 7 5 7 9 1 9 13 12 12 10
441 4 4 7 7 5 7 10 1 8 13 12 12 10
442 4 4 7 7 5 7 9 1 9 11 12 13 11
443 4 4 7 7 5 7 9 1 9 11 12 14 10
444 4 4 7 7 5 7 9 1 9 11 12 13 11
445 4 4 7 7 5 7 9 1 9 11 12 12 12
446 4 4 7 7 5 7 9 1 9 11 12 12 12
447 4 4 7 7 5 7 8 1 9 13 12 12 11
448 4 4 7 7 5 7 8 1 9 13 12 12 11
449 4 4 7 7 5 7 8 1 9 13 12 13 10
450 4 4 7 6 5 7 9 1 9 13 12 13 10
451 4 4 7 6 5 7 8 1 10 12 13 13 10
452 4 4 7 7 4 7 8 1 10 12 13 13 10
453 4 4 7 7 4 7 8 1 10 12 13 13 10
454 4 4 6 7 4 7 7 1 11 12 14 13 9
455 4 4 6 8 4 7 7 1 11 12 14 14 8
456 4 4 7 7 4 7 7 1 10 13 14 14 8
457 4 4 7 7 4 7 5 1 11 14 14 14 8
458 4 4 7 7 4 7 5 1 11 15 13 15 7
459 4 4 7 7 4 7 7 1 9 15 13 14 8
460 4 4 7 6 5 7 7 1 9 14 14 14 8
461 4 4 6 6 5 7 7 1 9 14 14 14 8
462 4 4 6 6 5 7 6 1 10 14 14 15 7
463 4 4 6 6 5 7 6 1 10 13 15 15 7
464 4 4 6 6 5 7 6 1 11 13 14 15 7
465 4 4 6 6 5 7 6 1 11 13 14 14 8
466 4 4 6 6 5 7 7 1 10 13 13 14 9
467 4 4 6 6 5 7 7 1 10 13 13 14 9
468 4 4 6 6 5 7 7 1 10 13 13 14 9
469 4 4 6 5 5 7 8 1 10 12 14 14 9
470 4 4 6 5 5 7 7 1 10 14 13 13 10
471 4 4 6 6 5 7 9 1 9 13 13 15 8
472 4 4 6 6 5 7 8 1 10 13 13 16 7
473 4 4 6 6 5 7 8 1 10 13 14 15 7
474 4 4 6 6 5 7 8 1 10 14 14 14 7
475 4 4 6 6 5 7 7 1 10 15 14 15 6
476 4 4 6 6 5 7 7 1 10 15 15 14 6
477 4 4 6 6 5 7 7 1 10 15 15 13 7
478 4 4 6 6 5 7 7 1 10 15 15 13 7
479 4 4 6 6 5 7 7 1 10 16 14 13 7
480 4 4 6 6 5 7 7 1 10 16 14 12 8
481 4 4 6 6 5 7 7 1 10 15 15 12 8
482 4 4 6 6 5 7 7 1 10 15 16 13 6
483 4 4 6 6 5 7 7 1 10 15 16 13 6
484 4 4 6 5 5 7 7 2 10 15 16 13 6
485 4 4 6 6 5 7 8 1 9 15 16 12 7
486 4 4 6 6 5 7 8 1 8 15 16 13 7
487 4 4 6 6 5 7 8 1 8 16 15 13 7
488 4 4 6 6 5 7 8 0 10 15 15 12 8
489 4 4 6 6 5 7 8 0 10 15 15 12 8
490 4 4 6 6 5 7 7 0 10 14 17 14 6
491 4 4 6 7 4 7 7 0 10 15 16 13 7
492 4 4 6 6 5 7 7 0 10 15 16 13 7
493 4 4 6 4 6 7 7 1 10 15 16 13 7
494 4 4 6 5 5 7 8 0 10 17 15 12 7
495 4 4 6 5 5 7 7 0 10 17 14 11 10
496 4 4 6 5 5 7 7 0 10 19 13 10 10
497 4 4 6 5 5 7 6 0 11 19 14 11 8
498 4 4 6 5 4 7 6 1 11 19 14 11 8
499 4 4 6 5 4 7 6 1 11 19 14 11 8
500 4 4 6 5 4 7 6 0 12 19 13 11 9
501 4 4 6 5 4 7 6 0 12 20 13 11 8
502 4 4 6 6 3 7 6 0 12 19 14 11 8
503 4 4 6 5 4 7 6 0 12 18 15 11 8
504 4 4 6 4 5 7 6 1 11 17 16 11 8
505 4 4 6 5 5 7 7 0 10 18 15 12 7
506 4 4 6 5 5 7 8 0 10 17 15 12 7
507 4 4 6 5 5 7 8 0 10 17 15 12 7
508 4 4 6 5 4 7 9 0 10 17 14 12 8
509 4 4 6 5 4 7 9 0 10 17 14 12 8
510 4 4 6 5 4 7 9 0 10 17 14 11 9
511 4 4 6 5 4 7 9 0 10 17 14 12 8
512 4 4 6 6 3 7 9 0 10 17 14 11 9
513 4 4 6 6 3 7 9 0 10 17 14 12 8
514 4 4 6 6 3 7 9 0 10 18 13 12 8
515 4 4 6 6 3 7 9 0 10 18 13 13 7
516 4 4 6 6 3 7 9 0 10 18 13 13 7
517 4 4 6 6 3 7 9 0 10 17 14 14 6
518 4 4 6 5 4 7 8 0 11 17 14 13 7
519 4 4 6 5 4 7 9 0 10 17 14 12 8
520 4 4 6 4 4 7 8 1 11 16 15 11 9
521 4 4 6 4 4 7 9 0 11 16 15 12 8
522 4 4 6 4 4 7 9 0 12 15 15 12 8
523 4 4 6 4 4 7 10 0 12 14 17 12 6
524 4 4 6 4 4 7 9 0 12 15 17 12 6
525 4 4 6 5 3 7 8 0 12 16 17 12 6
526 4 4 6 5 3 7 9 0 12 16 17 11 6
527 4 4 6 5 3 7 9 0 12 15 17 12 6
528 4 4 6 5 3 7 9 0 12 15 16 12 7
529 4 4 6 5 3 7 9 0 12 15 17 12 6
530 4 4 6 5 3 7 9 0 12 14 17 12 7
531 4 4 6 4 4 7 9 0 12 17 15 12 6
532 4 4 6 4 4 7 10 0 12 16 15 11 7
533 4 4 6 4 3 7 10 1 12 15 16 11 7
534 4 4 6 4 3 7 11 0 12 15 16 10 8
535 4 4 6 4 3 7 12 0 12 14 16 10 8
536 4 4 6 5 2 7 12 0 12 15 16 9 8
537 4 4 6 4 2 7 12 0 13 16 14 9 9
538 4 4 6 4 2 7 11 0 13 15 15 10 9
539 4 4 6 4 2 7 12 0 13 15 14 11 8
540 4 4 6 4 2 7 11 0 13 16 15 11 7
541 4 4 6 4 2 7 11 0 13 16 14 10 9
542 4 4 6 3 3 7 12 0 13 14 15 11 8
543 4 4 6 3 3 7 11 0 14 14 15 10 9
544 4 4 6 3 3 7 11 0 14 15 15 10 8
545 4 4 6 3 3 7 11 0 14 14 15 9 10
546 4 4 6 3 3 7 11 0 14 14 16 9 9
547 4 4 6 3 3 7 11 0 14 14 16 11 7
548 4 4 6 3 3 7 11 0 14 14 16 11 7
549 4 4 6 3 3 7 11 0 14 14 16 11 7
550 4 4 6 3 3 7 11 0 14 14 16 10 8
551 4 4 6 3 3 7 11 0 14 16 14 10 8
552 4 4 5 3 4 7 11 0 14 15 15 10 8
553 4 4 6 3 3 7 12 0 14 15 14 11 7
554 4 4 6 3 3 7 12 0 14 15 14 11 7
555 4 4 6 3 3 7 12 0 14 16 13 11 7
556 4 4 6 3 3 7 12 0 14 16 13 12 6
557 4 4 6 3 3 7 12 0 14 16 13 12 6
558 4 4 6 3 3 7 12 0 15 14 14 11 7
559 4 4 6 2 4 7 12 0 14 15 14 10 8
560 4 4 6 2 4 7 13 0 14 14 14 10 8
561 4 4 6 2 4 7 11 0 14 18 12 9 9
562 4 4 6 2 4 7 11 0 14 17 14 9 8
563 4 4 6 3 3 7 12 0 14 16 15 9 7
564 4 4 6 3 3 7 12 0 15 15 15 8 8
565 4 4 6 3 3 7 11 0 15 16 14 10 7
566 4 4 6 3 3 7 11 0 15 16 15 9 7
567 4 4 6 3 3 7 9 0 16 18 14 9 7
568 4 4 6 3 2 7 10 1 15 18 13 10 7
569 4 4 6 3 2 7 10 1 15 17 14 10 7
570 4 4 6 3 2 7 10 0 16 16 15 10 7
571 4 4 6 3 2 7 10 0 16 16 16 10 6
572 4 4 6 3 2 7 10 0 16 18 14 10 6
573 4 4 6 3 2 7 10 0 16 18 14 9 7
574 4 4 6 3 2 7 10 0 15 19 14 9 7
575 4 4 6 3 2 7 11 0 15 17 15 9 7
576 4 4 6 3 2 7 11 0 15 17 15 9 7
577 4 4 6 3 2 7 10 0 16 17 14 9 8
578 4 4 6 3 2 7 10 0 16 17 14 9 8
579 4 4 6 3 2 7 10 0 16 17 14 9 8
580 4 4 6 3 2 7 10 0 16 17 14 10 7
581 4 4 6 3 2 7 10 0 16 17 14 10 7
582 4 4 6 3 2 7 10 0 16 17 14 10 7
583 4 4 6 3 2 7 11 0 15 17 14 10 7
584 4 4 6 2 3 7 11 0 15 17 14 10 7
585 4 4 6 2 3 7 12 0 14 17 14 10 7
586 4 4 6 2 2 7 12 1 14 17 14 10 7
587 4 4 6 2 2 7 11 0 16 17 14 10 7
588 4 4 6 2 2 7 12 0 15 17 14 10 7
589 4 4 6 2 2 7 12 0 15 17 14 10 7
590 4 4 6 2 2 7 12 0 15 16 14 10 8
591 4 4 6 2 2 7 12 0 15 16 14 11 7
592 4 4 6 2 2 7 12 0 15 16 14 11 7
593 4 4 6 2 2 7 13 0 14 16 14 10 8
594 4 4 6 2 2 7 13 0 14 16 14 10 8
595 4 4 6 2 2 7 13 0 14 16 14 10 8
596 4 4 6 2 2 7 12 0 15 17 14 9 8
597 4 4 6 2 2 7 12 0 15 17 14 9 8
598 4 4 6 2 2 7 12 0 15 17 15 9 7
599 4 4 6 2 2 7 11 0 15 18 15 9 7
600 4 4 6 2 2 7 11 0 15 18 15 9 7
601 4 4 6 2 2 7 11 0 15 18 15 9 7
602 4 4 6 2 2 7 10 0 16 18 15 9 7
603 4 4 6 2 2 7 10 0 16 18 15 9 7
604 4 4 6 2 2 7 10 0 16 18 15 9 7
605 4 4 6 2 2 7 10 0 16 18 15 10 6
606 4 4 6 2 2 7 10 0 16 18 15 10 6
607 4 4 6 2 2 7 10 0 16 18 15 10 6
608 4 4 6 2 2 7 10 0 16 18 15 10 6
609 4 4 6 2 2 7 10 0 16 18 15 10 6
610 4 4 6 2 2 7 10 0 16 18 15 10 6
611 4 4 6 2 2 7 10 0 16 19 14 10 6
612 4 4 6 2 2 7 10 0 16 19 14 10 6
613 4 4 6 2 2 7 10 0 16 19 14 10 6
614 4 4 6 2 2 7 10 0 16 19 14 10 6
615 4 4 6 2 2 7 10 0 16 19 14 10 6
616 4 4 6 2 2 7 10 0 16 19 14 10 6
617 4 4 6 2 2 7 10 0 16 19 14 10 6
618 4 4 6 2 2 7 10 0 16 18 15 10 6
619 4 4 6 2 2 7 10 0 16 18 15 10 6
620 4 4 6 2 2 7 10 0 16 18 15 10 6
621 4 4 6 2 2 7 10 0 16 18 15 10 6
622 4 4 6 2 2 7 10 0 16 18 15 10 6
623 4 4 6 2 2 7 10 0 16 18 15 10 6
624 4 4 6 2 2 7 10 0 16 18 15 10 6
625 4 4 6 2 2 7 10 0 16 18 15 10 6
626 4 4 6 2 2 7 10 0 16 18 15 10 6
627 4 4 6 2 2 7 10 0 16 18 15 10 6
628 4 4 6 2 2 7 10 0 16 18 15 10 6
629 4 4 6 2 2 7 10 0 16 18 15 10 6
630 4 4 6 2 2 7 10 0 16 18 15 10 6
631 4 4 6 2 2 7 10 0 16 18 15 10 6
632 4 4 6 2 2 7 10 0 16 18 15 9 7
633 4 4 6 2 2 7 10 0 16 18 15 9 7
634 4 4 6 2 2 7 10 0 16 18 15 10 6
635 4 4 6 2 2 7 10 0 16 18 16 8 7
636 4 4 6 2 2 7 10 0 16 18 16 8 7
637 4 4 6 2 2 7 10 0 16 18 16 8 7
638 4 4 6 2 2 7 10 0 16 18 16 9 6
639 4 4 6 2 2 7 10 0 16 18 16 9 6
640 4 4 6 2 2 7 10 0 16 18 16 9 6
641 4 4 6 2 2 7 10 0 16 18 16 9 6
642 4 4 6 2 2 7 10 0 16 18 16 9 6
643 4 4 6 2 2 7 10 0 16 18 16 9 6
644 4 4 6 2 2 7 10 0 16 18 16 9 6
645 4 4 6 2 2 7 10 0 16 19 15 9 6
646 4 4 6 2 2 7 10 0 16 19 15 9 6
647 4 4 6 2 2 7 10 0 16 19 15 9 6
648 4 4 6 2 2 7 10 0 16 19 15 8 7
649 4 4 6 2 2 7 10 0 16 19 15 8 7
650 4 4 6 2 2 7 10 0 16 19 16 7 7
651 4 4 6 2 2 7 10 0 16 19 16 7 7
652 4 4 6 2 2 7 10 0 16 19 17 7 6
653 4 4 6 2 2 7 10 0 16 19 17 7 6
654 4 4 6 2 2 7 10 0 16 20 16 7 6
655 4 4 6 2 2 7 10 0 16 20 16 7 6
656 4 4 6 2 2 7 10 0 16 20 16 7 6
657 4 4 6 2 2 7 10 0 16 20 16 7 6
658 4 4 6 2 2 7 10 0 16 20 16 7 6
659 4 4 6 2 2 7 10 0 16 20 16 7 6
660 4 4 6 2 2 7 10 0 16 20 16 7 6
661 4 4 6 2 2 7 10 0 16 20 16 7 6
662 4 4 6 2 2 7 10 0 16 20 16 7 6
663 4 4 6 2 2 7 10 0 16 20 16 7 6
664 4 4 6 2 2 7 10 0 16 20 16 7 6
665 4 4 6 2 2 7 10 0 16 20 16 7 6
666 4 4 6 2 2 7 10 0 16 20 15 7 7
667 4 4 6 2 2 7 10 0 16 19 16 7 7
668 4 4 6 2 2 7 10 0 16 20 15 7 7
669 4 4 6 2 2 7 10 0 16 20 16 7 6
670 4 4 6 2 2 7 10 0 16 21 15 8 5
671 4 4 6 2 2 7 10 0 16 20 16 7 6
672 4 4 6 2 2 7 10 0 16 20 16 7 6
673 4 4 6 2 2 7 10 0 16 20 16 7 6
674 4 4 6 2 2 7 10 0 16 20 16 7 6
675 4 4 6 2 2 7 10 0 16 20 16 7 6
676 4 4 6 2 2 7 10 0 16 20 16 7 6
677 4 4 6 2 2 7 10 0 16 20 16 7 6
678 4 4 6 2 2 7 10 0 16 20 16 6 7
679 4 4 6 2 2 7 10 0 16 20 16 6 7
680 4 4 6 2 2 7 10 0 16 19 17 7 6
681 4 4 6 2 2 7 10 0 16 20 16 7 6
682 4 4 6 2 2 7 10 0 16 20 16 7 6
683 4 4 6 2 2 7 10 0 16 20 16 7 6
684 4 4 6 2 2 7 10 0 16 20 16 7 6
685 4 4 6 2 2 7 10 0 16 20 16 7 6
686 4 4 6 2 2 7 10 0 16 20 16 7 6
687 4 4 6 2 2 7 10 0 16 19 17 7 6
688 4 4 6 2 2 7 10 0 16 19 17 7 6
689 4 4 6 2 2 7 10 0 16 19 17 7 6
690 4 4 6 2 2 7 10 0 16 19 17 7 6
691 4 4 6 2 2 7 10 0 16 19 17 7 6
692 4 4 6 2 2 7 10 0 16 19 17 7 6
693 4 4 6 2 2 7 10 0 16 19 17 7 6
694 4 4 6 2 2 7 10 0 16 19 17 7 6
695 4 4 6 2 2 7 10 0 16 19 17 7 6
696 4 4 6 2 2 7 10 0 16 19 17 7 6
697 4 4 6 2 2 7 10 0 16 19 17 7 6
698 4 4 6 2 2 7 10 0 16 19 17 7 6
699 4 4 6 2 2 7 10 0 16 19 17 7 6
700 4 4 6 2 2 7 10 0 16 19 17 7 6
701 4 4 6 2 2 7 10 0 16 19 17 7 6
702 4 4 6 2 2 7 10 0 16 19 17 7 6
703 4 4 6 2 2 7 10 0 16 19 17 7 6
704 4 4 6 2 2 7 10 0 16 19 17 7 6
705 4 4 6 2 2 7 10 0 16 20 16 7 6
706 4 4 6 2 2 7 10 0 16 20 16 7 6
707 4 4 6 2 2 7 10 0 16 19 17 7 6
708 4 4 6 2 2 7 10 0 16 19 17 7 6
709 4 4 6 2 2 7 10 0 16 20 16 7 6
710 4 4 6 2 2 7 10 0 16 19 16 8 6
711 4 4 6 2 2 7 10 0 16 19 16 8 6
712 4 4 6 2 2 7 10 0 16 19 16 8 6
713 4 4 6 2 2 7 11 0 16 18 16 8 6
714 4 4 6 2 2 7 11 0 16 19 15 8 6
715 4 4 6 2 2 7 11 0 16 19 15 8 6
716 4 4 6 2 2 7 11 0 16 18 16 8 6
717 4 4 6 2 2 7 10 0 16 18 17 7 7
718 4 4 6 2 2 7 10 0 16 18 17 7 7
719 4 4 6 2 2 7 11 0 16 17 17 7 7
720 4 4 6 2 2 7 11 0 16 17 17 7 7
721 4 4 6 2 2 7 12 0 16 15 18 7 7
722 4 4 6 2 2 7 12 0 16 15 18 7 7
723 4 4 6 2 2 7 10 0 17 18 15 7 8
724 4 4 6 2 2 7 11 0 16 16 18 8 6
725 4 4 6 2 2 7 12 0 15 17 18 7 6
726 4 4 6 2 2 7 12 0 15 17 17 7 7
727 4 4 6 2 2 7 13 0 15 16 16 7 8
728 4 4 6 2 2 7 13 0 15 16 16 7 8
729 4 4 6 2 2 7 13 0 15 16 15 8 8
730 4 4 6 2 2 7 14 0 15 15 14 8 9
731 4 4 6 2 2 7 14 0 15 15 14 8 9
732 4 4 6 2 2 7 14 0 15 15 14 9 8
733 4 4 6 2 2 7 14 0 15 15 14 9 8
734 4 4 6 2 2 7 14 0 15 15 14 9 8
735 4 4 6 2 2 7 13 0 15 16 14 10 7
736 4 4 6 2 2 7 13 0 15 16 14 10 7
737 4 4 6 2 2 7 13 0 16 15 14 10 7
738 4 4 6 2 2 7 12 0 17 15 14 10 7
739 4 4 6 2 2 7 12 0 17 16 13 10 7
740 4 4 6 2 2 7 12 0 17 16 13 10 7
741 4 4 6 2 2 7 12 0 17 16 13 10 7
742 4 4 6 2 2 7 11 0 17 17 13 10 7
743 4 4 6 2 2 7 11 0 17 17 14 9 7
744 4 4 6 2 2 7 11 0 17 16 15 9 7
745 4 4 6 2 2 7 13 0 16 15 15 9 7
746 4 4 6 2 2 7 13 0 16 15 15 9 7
747 4 4 6 2 2 7 13 0 16 15 15 9 7
748 4 4 6 2 2 7 13 0 16 14 16 9 7
749 4 4 6 2 2 7 14 0 15 15 15 9 7
750 4 4 6 2 2 7 14 0 15 15 15 9 7
751 4 4 6 2 2 7 14 0 15 15 15 10 6
752 4 4 6 2 2 7 14 0 15 15 15 10 6
753 4 4 6 2 2 7 13 0 16 15 15 10 6
754 4 4 6 2 2 7 13 0 16 15 15 10 6
755 4 4 6 2 2 7 13 0 16 15 15 10 6
756 4 4 6 2 2 7 13 0 16 15 15 10 6
757 4 4 6 2 2 7 12 0 16 16 15 10 6
758 4 4 6 2 2 7 12 0 16 15 16 10 6
759 4 4 6 2 2 7 12 0 16 15 16 10 6
760 4 4 6 2 2 7 12 0 16 15 16 10 6
761 4 4 6 2 2 7 12 0 16 15 16 10 6
762 4 4 6 2 2 7 12 0 16 15 16 10 6
763 4 4 6 2 2 7 12 0 16 15 16 10 6
764 4 4 6 2 2 7 12 0 16 15 16 10 6
765 4 4 6 2 2 7 11 0 17 15 16 10 6
766 4 4 6 2 2 7 12 0 16 15 16 10 6
767 4 4 6 2 2 7 12 0 16 15 16 10 6
768 4 4 6 2 2 7 12 0 16 15 16 10 6
769 4 4 6 2 2 7 12 0 16 15 16 10 6
770 4 4 6 2 2 7 12 0 16 16 15 10 6
771 4 4 6 2 2 7 12 0 16 16 15 10 6
772 4 4 6 2 2 7 12 0 16 15 16 10 6
773 4 4 6 2 2 7 12 0 16 16 15 10 6
774 4 4 6 2 2 7 12 0 16 16 15 10 6
775 4 4 6 2 2 7 12 0 16 16 15 10 6
776 4 4 6 2 2 7 12 0 16 16 15 10 6
777 4 4 6 2 2 7 12 0 16 16 15 10 6
778 4 4 6 2 2 7 12 0 16 16 15 10 6
779 4 4 6 2 2 7 12 0 16 16 15 10 6
780 4 4 6 2 2 7 12 0 16 16 15 10 6
781 4 4 6 2 2 7 12 0 16 16 15 10 6
782 4 4 6 2 2 7 12 0 16 16 15 10 6
783 4 4 6 2 2 7 13 0 15 16 15 10 6
784 4 4 6 2 2 7 12 0 16 16 15 10 6
785 4 4 6 2 2 7 12 0 16 16 15 10 6
786 4 4 6 2 2 7 12 0 16 16 15 10 6
787 4 4 6 2 2 7 12 0 16 16 15 10 6
788 4 4 6 2 2 7 12 0 16 16 15 10 6
789 4 4 6 2 2 7 12 0 16 16 15 10 6
790 4 4 6 2 2 7 12 0 16 16 15 10 6
791 4 4 6 2 2 7 11 0 17 16 15 10 6
792 4 4 6 2 2 7 11 0 17 16 15 10 6
793 4 4 6 2 2 7 11 0 17 16 15 10 6
794 4 4 6 2 2 7 12 0 16 16 15 10 6
795 4 4 6 2 2 7 12 0 16 16 15 10 6
796 4 4 6 2 2 7 12 0 16 16 15 10 6
797 4 4 6 2 2 7 12 0 16 16 15 10 6
798 4 4 6 2 2 7 12 0 16 16 15 10 6
799 4 4 6 2 2 7 13 0 15 16 15 10 6
800 4 4 6 2 2 7 13 0 15 16 15 10 6
801 4 4 6 2 2 7 13 0 15 16 15 10 6
802 4 4 6 2 2 7 13 0 15 16 15 10 6
803 4 4 6 2 2 7 13 0 15 16 15 10 6
804 4 4 6 2 2 7 13 0 15 16 15 10 6
805 4 4 6 2 2 7 13 0 15 16 15 10 6
806 4 4 6 2 2 7 13 0 15 16 15 10 6
807 4 4 6 2 2 7 13 0 15 15 16 10 6
808 4 4 6 2 2 7 13 0 15 15 16 10 6
809 4 4 6 2 2 7 13 0 15 15 16 10 6
810 4 4 6 2 2 7 13 0 15 15 15 11 6
811 4 4 6 2 2 7 12 0 16 15 15 11 6
812 4 4 6 2 2 7 12 0 16 15 15 11 6
813 4 4 6 2 2 7 12 0 16 15 15 11 6
814 4 4 6 2 2 7 12 0 16 15 15 11 6
815 4 4 6 2 2 7 12 0 16 15 15 11 6
816 4 4 6 2 2 7 13 0 15 16 14 11 6
817 4 4 6 2 2 7 13 0 15 16 14 11 6
818 4 4 6 2 2 7 13 0 14 16 15 11 6
819 4 4 6 2 2 7 13 0 14 16 15 11 6
820 4 4 6 2 2 7 13 0 14 16 15 11 6
821 4 4 6 2 2 7 13 0 14 16 15 11 6
822 4 4 6 2 2 7 13 0 14 16 15 11 6
823 4 4 6 2 2 7 13 0 14 16 15 11 6
824 4 4 6 2 2 7 13 0 14 16 15 11 6
825 4 4 6 2 2 7 13 0 14 16 15 11 6
826 4 4 6 2 2 7 13 0 14 16 15 11 6
827 4 4 6 2 2 7 13 0 14 16 15 11 6
828 4 4 6 2 2 7 13 0 14 16 15 11 6
829 4 4 6 2 2 7 13 0 14 15 16 11 6
830 4 4 6 2 2 7 13 0 14 15 16 11 6
831 4 4 6 2 2 7 13 0 14 15 16 11 6
832 4 4 6 2 2 7 13 0 14 15 16 11 6
833 4 4 6 2 2 7 13 0 14 15 16 11 6
834 4 4 6 2 2 7 13 0 14 15 16 11 6
835 4 4 6 2 2 7 13 0 14 15 16 11 6
836 4 4 6 2 2 7 13 0 14 15 16 11 6
837 4 4 6 2 2 7 13 0 14 15 16 11 6
838 4 4 6 2 2 7 13 0 14 15 16 11 6
839 4 4 6 2 2 7 13 0 14 15 16 11 6
840 4 4 6 2 2 7 13 0 14 15 16 11 6
841 4 4 6 2 2 7 13 0 14 15 16 11 6
842 4 4 6 2 2 7 13 0 14 15 16 11 6
843 4 4 6 2 2 7 13 0 14 15 16 11 6
844 4 4 6 2 2 7 13 0 14 15 16 11 6
845 4 4 6 2 2 7 13 0 14 15 16 11 6
846 4 4 6 2 2 7 13 0 14 15 16 11 6
847 4 4 6 2 2 7 13 0 14 15 16 11 6
848 4 4 6 2 2 7 13 0 14 15 16 11 6
849 4 4 6 2 2 7 13 0 14 15 16 11 6
850 4 4 6 2 2 7 13 0 14 15 16 11 6
851 4 4 6 2 2 7 13 0 14 15 16 11 6
852 4 4 6 2 2 7 13 0 14 15 16 11 6
853 4 4 6 2 2 7 13 0 14 15 16 11 6
854 4 4 6 2 2 7 13 0 14 15 16 11 6
855 4 4 6 2 2 7 13 0 14 15 16 11 6
856 4 4 6 2 2 7 13 0 14 15 16 11 6
857 4 4 6 2 2 7 13 0 14 15 16 11 6
858 4 4 6 2 2 7 13 0 14 15 16 11 6
859 4 4 6 2 2 7 13 0 14 15 16 11 6
860 4 4 6 2 2 7 13 0 14 15 16 11 6
861 4 4 6 2 2 7 13 0 14 15 16 11 6
862 4 4 6 2 2 7 13 0 14 15 16 11 6
863 4 4 6 2 2 7 12 0 14 16 16 11 6
864 4 4 6 2 2 7 12 0 14 16 16 11 6
865 4 4 6 2 2 7 12 0 14 16 16 11 6
866 4 4 6 2 2 7 12 0 14 16 16 11 6
867 4 4 6 2 2 7 12 0 14 16 16 11 6
868 4 4 6 2 2 7 12 0 15 15 16 11 6
869 4 4 6 2 2 7 12 0 14 16 16 11 6
870 4 4 6 2 2 7 12 0 14 15 17 11 6
871 4 4 6 2 2 7 13 0 13 16 16 11 6
872 4 4 6 2 2 7 14 0 13 15 16 11 6
873 4 4 6 2 2 7 14 0 13 15 16 11 6
874 4 4 6 2 2 7 13 0 13 16 16 11 6
875 4 4 6 2 2 7 12 0 14 16 16 11 6
876 4 4 6 2 2 7 12 0 14 16 16 11 6
877 4 4 6 2 2 7 12 0 13 15 18 11 6
878 4 4 6 2 2 7 11 0 14 15 18 11 6
879 4 4 6 2 2 7 12 0 14 14 18 11 6
880 4 4 6 2 2 7 12 0 14 14 18 11 6
881 4 4 6 2 2 7 11 0 14 15 18 11 6
882 4 4 6 2 2 7 10 0 14 17 17 11 6
883 4 4 6 2 2 7 10 0 14 17 17 11 6
884 4 4 6 2 2 7 10 0 14 18 16 11 6
885 4 4 6 2 2 7 11 0 14 17 16 11 6
886 4 4 6 2 2 7 10 0 14 17 17 11 6
887 4 4 6 2 2 7 10 0 14 17 17 11 6
888 4 4 6 2 2 7 11 0 13 16 18 11 6
889 4 4 6 2 2 7 11 0 13 16 18 11 6
890 4 4 6 2 2 7 11 0 13 17 17 11 6
891 4 4 6 2 2 7 10 0 14 17 17 11 6
892 4 4 6 2 2 7 10 0 14 17 17 11 6
893 4 4 6 2 2 7 11 0 13 17 17 11 6
894 4 4 6 2 2 7 10 0 13 17 18 11 6
895 4 4 6 2 2 7 10 0 13 17 18 11 6
896 4 4 6 2 2 7 9 0 14 17 18 11 6
897 4 4 6 2 2 7 10 0 13 18 17 11 6
898 4 4 6 2 2 7 9 0 14 18 17 11 6
899 4 4 6 2 2 7 9 0 14 18 17 11 6
900 4 4 6 2 2 7 9 0 14 17 18 11 6
901 4 4 6 2 2 7 9 0 14 17 18 11 6
902 4 4 6 2 2 7 9 0 14 17 18 11 6
903 4 4 6 2 2 7 9 0 14 17 17 11 7
904 4 4 6 2 2 7 9 0 14 17 17 10 8
905 4 4 6 2 2 7 9 0 14 17 17 10 8
906 4 4 6 2 2 7 9 0 13 18 17 11 7
907 4 4 6 2 2 7 9 0 13 16 19 11 7
908 4 4 6 2 2 7 9 0 13 16 18 12 7
909 4 4 6 2 2 7 9 0 13 16 18 12 7
910 4 4 6 2 2 7 9 0 13 16 18 12 7
911 4 4 6 2 2 7 8 0 14 17 17 12 7
912 4 4 6 2 2 7 7 0 14 17 18 12 7
913 4 4 6 2 2 7 7 0 14 17 18 12 7
914 4 4 6 2 2 7 7 0 14 17 18 12 7
915 4 4 6 2 2 7 7 0 14 17 18 12 7
916 4 4 6 2 2 7 7 0 14 16 19 12 7
917 4 4 6 2 2 7 8 0 13 16 19 12 7
918 4 4 6 2 2 7 7 0 13 17 19 12 7
919 4 4 6 2 2 7 7 0 13 17 19 12 7
920 4 4 6 2 2 7 7 0 13 17 19 12 7
921 4 4 6 2 2 7 7 0 13 17 19 12 7
922 4 4 6 2 2 7 7 0 13 17 19 12 7
923 4 4 6 2 2 7 7 0 13 17 19 12 7
924 4 4 6 2 2 7 7 0 13 17 19 12 7
925 4 4 6 2 2 7 7 0 13 17 19 12 7
926 4 4 6 2 2 7 7 0 13 17 19 12 7
927 4 4 6 2 2 7 7 0 13 17 19 12 7
928 4 4 6 2 2 7 7 0 14 17 18 12 7
929 4 4 6 2 2 7 7 0 14 17 18 12 7
930 4 4 6 2 2 7 7 0 14 17 18 12 7
931 4 4 6 2 2 7 7 0 14 17 18 12 7
932 4 4 6 2 2 7 7 0 14 17 18 12 7
933 4 4 6 2 2 7 7 0 14 17 18 12 7
934 4 4 6 2 2 7 7 0 14 17 18 12 7
935 4 4 6 2 2 7 7 0 14 17 18 12 7
936 4 4 6 2 2 7 7 0 14 16 19 11 8
937 4 4 6 2 2 7 7 0 13 17 19 11 8
938 4 4 6 2 2 7 7 0 13 18 18 11 8
939 4 4 6 2 2 7 8 0 12 18 17 12 8
940 4 4 6 2 2 7 8 0 12 18 17 12 8
941 4 4 6 2 2 7 7 0 12 19 17 12 8
942 4 4 6 2 2 7 7 0 12 19 17 12 8
943 4 4 6 2 2 7 7 0 12 17 18 13 8
944 4 4 6 2 2 7 7 0 12 17 18 13 8
945 4 4 6 2 2 7 7 0 12 18 17 14 7
946 4 4 6 2 2 7 7 0 11 19 17 13 8
947 4 4 6 2 2 7 8 0 11 18 17 13 8
948 4 4 6 2 2 7 8 0 11 18 17 12 9
949 4 4 6 2 2 7 8 0 11 17 18 12 9
950 4 4 6 2 2 7 8 0 11 17 18 12 9
951 4 4 6 2 2 7 8 0 11 17 18 13 8
952 4 4 6 2 2 7 8 0 11 16 19 12 9
953 4 4 6 2 2 7 7 0 11 17 20 11 9
954 4 4 6 2 2 7 7 0 11 17 19 12 9
955 4 4 6 2 2 7 7 0 11 16 19 13 9
956 4 4 6 2 2 7 7 0 11 16 19 13 9
957 4 4 6 2 2 7 7 0 11 16 19 13 9
958 4 4 6 2 2 7 7 0 11 17 17 13 10
959 4 4 6 2 2 7 7 0 11 17 17 13 10
960 4 4 6 2 2 7 7 0 11 18 16 13 10
961 4 4 6 2 2 7 7 0 11 18 17 13 9
962 4 4 6 2 2 7 7 0 11 18 17 13 9
963 4 4 6 2 2 7 7 0 11 18 17 13 9
964 4 4 6 2 2 7 7 0 11 17 18 13 9
965 4 4 6 2 2 7 7 0 11 16 17 14 10
966 4 4 6 2 2 7 7 0 11 16 17 13 11
967 4 4 6 2 2 7 7 0 11 16 18 14 9
968 4 4 6 2 2 7 8 0 11 16 17 14 9
969 4 4 6 2 2 7 8 0 11 15 17 14 10
970 4 4 6 2 2 7 8 0 11 14 18 14 10
971 4 4 6 2 2 7 7 0 12 15 17 12 12
972 4 4 6 2 2 7 7 0 12 16 16 12 12
973 4 4 6 2 2 7 7 0 12 15 17 12 12
974 4 4 6 2 2 7 7 0 12 15 17 13 11
975 4 4 6 2 2 7 7 0 12 17 15 14 10
976 4 4 6 2 2 7 7 0 12 17 15 14 10
977 4 4 6 2 2 7 7 0 12 18 13 14 11
978 4 4 6 2 2 7 7 0 12 17 14 14 11
979 4 4 6 2 2 7 7 0 12 15 15 14 12
980 4 4 6 2 2 7 7 0 12 15 15 14 12
981 4 4 6 2 2 7 7 0 12 15 14 14 13
982 4 4 6 2 2 7 7 0 12 15 14 14 13
983 4 4 6 2 2 7 8 0 11 15 14 14 13
984 4 4 6 2 2 7 8 0 11 15 14 15 12
985 4 4 6 2 2 7 8 0 11 15 14 14 13
986 4 4 6 2 2 7 8 0 11 15 13 13 15
987 4 4 6 2 2 7 8 0 11 14 14 14 14
988 4 4 6 2 2 7 8 0 11 16 13 14 13
989 4 4 6 2 2 7 8 0 11 16 12 14 14
990 4 4 6 2 2 7 8 0 11 15 13 14 14
991 4 4 6 2 2 7 8 0 11 15 13 14 14
992 4 4 6 2 2 7 8 0 11 15 13 15 13
993 4 4 6 2 2 7 8 0 11 16 12 14 14
994 4 4 6 2 2 7 8 0 11 16 12 13 15
995 4 4 6 2 2 7 8 0 11 16 12 14 14
996 4 4 6 2 2 7 8 0 11 16 12 15 13
997 4 4 6 2 2 7 8 0 11 15 13 14 14
998 4 4 6 2 2 7 8 0 11 16 12 12 16
999 4 4 6 2 2 7 8 0 11 16 11 12 17
1000 4 4 6 2 2 7 7 0 11 16 12 13 16
1001 4 4 6 2 2 7 7 0 11 16 12 14 15
1002 4 4 6 2 2 7 7 0 11 15 12 15 15
1003 4 4 6 2 2 7 7 0 11 15 12 15 15
1004 4 4 6 2 2 7 7 0 11 15 12 16 14
1005 4 4 6 2 2 7 7 0 11 15 12 16 14
1006 4 4 6 2 2 7 7 0 11 14 13 16 14
1007 4 4 6 2 2 7 7 0 11 15 12 15 15
1008 4 4 6 2 2 7 7 0 11 15 12 17 13
1009 4 4 6 2 2 7 7 0 11 15 12 16 14
1010 4 4 6 2 2 7 7 0 11 15 11 16 15
1011 4 4 6 2 2 7 8 0 11 14 11 16 15
1012 4 4 6 2 2 7 8 0 11 13 12 17 14
1013 4 4 6 2 2 7 8 0 11 13 12 16 15
1014 4 4 6 2 2 7 8 0 11 13 12 15 16
1015 4 4 6 2 2 7 8 0 11 13 11 16 16
1016 4 4 6 2 2 7 8 0 11 13 11 16 16
1017 4 4 6 2 2 7 8 0 11 13 11 16 16
1018 4 4 6 2 2 7 8 0 11 13 11 16 16
1019 4 4 6 2 2 7 8 0 11 12 12 17 15
1020 4 4 6 2 2 7 8 0 11 12 12 17 15
1021 4 4 6 2 2 7 8 0 11 12 12 17 15
1022 4 4 6 2 2 7 8 0 11 13 10 18 15
1023 4 4 6 2 2 7 8 0 11 14 10 17 15
1024 4 4 6 2 2 7 8 0 11 14 10 18 14
1025 4 4 6 2 2 7 8 0 11 14 10 18 14
1026 4 4 6 2 2 7 8 0 11 14 10 18 14
1027 4 4 6 2 2 7 8 0 11 14 10 18 14
1028 4 4 6 2 2 7 8 0 11 14 10 18 14
1029 4 4 6 2 2 7 8 0 11 13 11 18 14
1030 4 4 6 2 2 7 8 0 11 13 11 18 14
1031 4 4 6 2 2 7 8 0 11 13 11 18 14
1032 4 4 6 2 2 7 8 0 11 13 11 18 14
1033 4 4 6 2 2 7 8 0 11 13 11 17 15
1034 4 4 6 2 2 7 7 0 11 14 11 16 16
1035 4 4 6 2 2 7 7 0 11 14 11 17 15
1036 4 4 6 2 2 7 7 0 11 14 11 17 15
1037 4 4 6 2 2 7 7 0 11 14 11 17 15
1038 4 4 6 2 2 7 7 0 11 14 11 17 15
1039 4 4 6 2 2 7 7 0 11 14 11 17 15
1040 4 4 6 2 2 7 7 0 11 14 11 17 15
1041 4 4 6 2 2 7 7 0 11 14 11 17 15
1042 4 4 6 2 2 7 7 0 11 14 11 16 16
1043 4 4 6 2 2 7 7 0 11 14 11 16 16
1044 4 4 6 2 2 7 7 0 11 14 11 16 16
1045 4 4 6 2 2 7 7 0 11 14 11 16 16
1046 4 4 6 2 2 7 7 0 11 15 10 16 16
1047 4 4 6 2 2 7 7 0 11 15 10 17 15
1048 4 4 6 2 2 7 7 0 11 15 10 17 15
1049 4 4 6 2 2 7 7 0 11 15 10 17 15
1050 4 4 6 2 2 7 7 0 11 15 10 17 15
1051 4 4 6 2 2 7 7 0 11 15 10 17 15
1052 4 4 6 2 2 7 7 0 11 15 10 17 15
1053 4 4 6 2 2 7 7 0 11 15 10 17 15
1054 4 4 6 2 2 7 7 0 11 15 10 17 15
1055 4 4 6 2 2 7 7 0 11 15 10 17 15
1056 4 4 6 2 2 7 7 0 11 15 10 17 15
1057 4 4 6 2 2 7 7 0 11 15 10 17 15
1058 4 4 6 2 2 7 7 0 11 15 10 17 15
1059 4 4 6 2 2 7 7 0 11 15 10 17 15
1060 4 4 6 2 2 7 7 0 11 15 10 17 15
1061 4 4 6 2 2 7 7 0 11 15 10 17 15
1062 4 4 6 2 2 7 7 0 11 15 10 17 15
1063 4 4 6 2 2 7 7 0 11 15 10 17 15
1064 4 4 6 2 2 7 7 0 11 15 10 17 15
1065 4 4 6 2 2 7 7 0 11 15 10 17 15
1066 4 4 6 2 2 7 7 0 11 15 10 17 15
1067 4 4 6 2 2 7 7 0 11 15 10 17 15
1068 4 4 6 2 2 7 7 0 11 15 10 17 15
1069 4 4 6 2 2 7 7 0 11 15 10 17 15
1070 4 4 6 2 2 7 7 0 11 15 10 17 15
1071 4 4 6 2 2 7 7 0 11 15 10 17 15
1072 4 4 6 2 2 7 7 0 11 15 10 17 15
1073 4 4 6 2 2 7 7 0 11 15 10 17 15
1074 4 4 6 2 2 7 7 0 11 15 10 17 15
1075 4 4 6 2 2 7 7 0 11 15 10 17 15
1076 4 4 6 2 2 7 7 0 11 15 10 17 15
1077 4 4 6 2 2 7 7 0 11 15 10 17 15
1078 4 4 6 2 2 7 7 0 11 15 10 17 15
1079 4 4 6 2 2 7 7 0 11 15 10 17 15
1080 4 4 6 2 2 7 7 0 11 15 10 17 15
1081 4 4 6 2 2 7 7 0 11 15 10 17 15
1082 4 4 6 2 2 7 7 0 11 15 10 17 15
1083 4 4 6 2 2 7 7 0 11 15 10 17 15
1084 4 4 6 2 2 7 7 0 11 15 10 17 15
1085 4 4 6 2 2 7 7 0 11 15 10 17 15
1086 4 4 6 2 2 7 7 0 11 15 10 17 15
1087 4 4 6 2 2 7 7 0 11 15 10 17 15
1088 4 4 6 2 2 7 7 0 11 15 10 17 15
1089 4 4 6 2 2 7 7 0 11 15 10 17 15
1090 4 4 6 2 2 7 7 0 11 15 10 17 15
1091 4 4 6 2 2 7 7 0 11 15 10 17 15
1092 4 4 6 2 2 7 7 0 11 15 10 17 15
1093 4 4 6 2 2 7 7 0 11 15 10 17 15
1094 4 4 6 2 2 7 7 0 11 15 10 17 15
1095 4 4 6 2 2 7 7 0 11 15 10 17 15
1096 4 4 6 2 2 7 7 0 11 15 10 17 15
1097 4 4 6 2 2 7 7 0 11 15 10 17 15
1098 4 4 6 2 2 7 7 0 11 15 10 17 15
1099 4 4 6 2 2 7 7 0 11 15 10 17 15
1100 4 4 6 2 2 7 7 0 11 15 10 17 15
1101 4 4 6 2 2 7 7 0 11 15 10 17 15
1102 4 4 6 2 2 7 7 0 11 15 10 17 15
1103 4 4 6 2 2 7 7 0 11 15 10 17 15
1104 4 4 6 2 2 7 7 0 11 15 10 17 15
1105 4 4 6 2 2 7 7 0 11 15 10 17 15
1106 4 4 6 2 2 7 7 0 11 15 10 17 15
1107 4 4 6 2 2 7 7 0 11 15 10 17 15
1108 4 4 6 2 2 7 7 0 11 15 10 17 15
1109 4 4 6 2 2 7 7 0 11 15 10 17 15
1110 4 4 6 2 2 7 7 0 11 15 10 17 15
1111 4 4 6 2 2 7 7 0 11 15 10 17 15
1112 4 4 6 2 2 7 7 0 11 15 10 17 15
1113 4 4 6 2 2 7 7 0 11 15 10 17 15
1114 4 4 6 2 2 7 7 0 11 15 10 17 15
1115 4 4 6 2 2 7 7 0 11 15 10 17 15
1116 4 4 6 2 2 7 7 0 11 15 10 17 15
1117 4 4 6 2 2 7 7 0 11 15 10 17 15
1118 4 4 6 2 2 7 7 0 11 15 10 17 15
1119 4 4 6 2 2 7 7 0 11 15 10 17 15
1120 4 4 6 2 2 7 7 0 11 15 10 17 15
1121 4 4 6 2 2 7 7 0 11 15 10 17 15
1122 4 4 6 2 2 7 7 0 11 15 10 17 15
1123 4 4 6 2 2 7 7 0 11 15 10 17 15
1124 4 4 6 2 2 7 7 0 11 15 10 17 15
1125 4 4 6 2 2 7 7 0 11 15 10 17 15
1126 4 4 6 2 2 7 7 0 11 15 10 17 15
1127 4 4 6 2 2 7 7 0 11 15 10 17 15
1128 4 4 6 2 2 7 7 0 11 15 10 17 15
1129 4 4 6 2 2 7 6 0 12 15 10 17 15
1130 4 4 6 2 2 7 6 0 12 15 10 17 15
1131 4 4 6 2 2 7 6 0 12 15 10 17 15
1132 4 4 6 2 2 7 6 0 12 15 10 17 15
1133 4 4 6 2 2 7 6 0 12 15 10 17 15
1134 4 4 6 2 2 7 6 0 12 15 10 17 15
1135 4 4 6 2 2 7 6 0 12 15 10 17 15
1136 4 4 6 2 2 7 6 0 12 15 10 17 15
1137 4 4 6 2 2 7 6 0 12 15 10 17 15
1138 4 4 6 2 2 7 6 0 12 15 10 17 15
1139 4 4 6 2 2 7 6 0 12 15 10 17 15
1140 4 4 6 2 2 7 6 0 12 15 10 17 15
1141 4 4 6 2 2 7 6 0 12 15 10 17 15
1142 4 4 6 2 2 7 6 0 12 15 10 17 15
1143 4 4 6 2 2 7 6 0 12 15 10 17 15
1144 4 4 6 2 2 7 6 0 12 15 10 17 15
1145 4 4 6 2 2 7 6 0 12 15 10 17 15
1146 4 4 6 2 2 7 6 0 12 15 10 17 15
1147 4 4 6 2 2 7 6 0 12 15 10 17 15
1148 4 4 6 2 2 7 6 0 12 15 10 17 15
1149 4 4 6 2 2 7 6 0 12 15 10 17 15
1150 4 4 6 2 2 7 6 0 12 15 10 17 15
1151 4 4 6 2 2 7 6 0 12 15 10 17 15
1152 4 4 6 2 2 7 6 0 12 15 10 17 15
1153 4 4 6 2 2 7 6 0 12 15 10 17 15
1154 4 4 6 2 2 7 6 0 12 15 10 17 15
1155 4 4 6 2 2 7 6 0 12 15 10 17 15
1156 4 4 6 2 2 7 6 0 12 15 10 17 15
1157 4 4 6 2 2 7 6 0 12 15 10 17 15
1158 4 4 6 2 2 7 6 0 12 15 10 17 15
1159 4 4 6 2 2 7 6 0 12 15 10 17 15
1160 4 4 6 2 2 7 6 0 12 15 10 17 15
1161 4 4 6 2 2 7 6 0 12 15 10 17 15
1162 4 4 6 2 2 7 6 0 12 15 10 17 15
1163 4 4 6 2 2 7 6 0 12 15 10 17 15
1164 4 4 6 2 2 7 6 0 12 15 10 17 15
1165 4 4 6 2 2 7 6 0 12 15 10 17 15
1166 4 4 6 2 2 7 6 0 12 15 10 17 15
1167 4 4 6 2 2 7 6 0 12 15 10 17 15
1168 4 4 6 2 2 7 6 0 12 15 10 17 15
1169 4 4 6 2 2 7 6 0 12 15 10 17 15
1170 4 4 6 2 2 7 6 0 12 15 10 17 15
1171 4 4 6 2 2 7 6 0 12 15 10 17 15
1172 4 4 6 2 2 7 6 0 12 15 10 17 15
1173 4 4 6 2 2 7 6 0 12 15 10 17 15
1174 4 4 6 2 2 7 6 0 12 15 10 17 15
1175 4 4 6 2 2 7 6 0 12 15 10 17 15
1176 4 4 6 2 2 7 6 0 12 15 10 17 15
1177 4 4 6 2 2 7 6 0 12 15 10 17 15
1178 4 4 6 2 2 7 6 0 12 15 10 17 15
1179 4 4 6 2 2 7 6 0 12 15 10 17 15
1180 4 4 6 2 2 7 6 0 12 15 10 17 15
1181 4 4 6 2 2 7 6 0 12 15 10 17 15
1182 4 4 6 2 2 7 6 0 12 15 10 17 15
1183 4 4 6 2 2 7 6 0 12 15 10 17 15
1184 4 4 6 2 2 7 6 0 12 15 10 17 15
1185 4 4 6 2 2 7 6 0 12 15 10 17 15
1186 4 4 6 2 2 7 6 0 12 15 10 17 15
1187 4 4 6 2 2 7 6 0 12 15 10 17 15
1188 4 4 6 2 2 7 6 0 12 15 10 17 15
1189 4 4 6 2 2 7 6 0 12 15 10 17 15
1190 4 4 6 2 2 7 6 0 12 15 10 17 15
1191 4 4 6 2 2 7 6 0 12 15 10 17 15
1192 4 4 6 2 2 7 6 0 12 15 10 17 15
1193 4 4 6 2 2 7 6 0 12 15 10 17 15
1194 4 4 6 2 2 7 6 0 12 15 10 17 15
1195 4 4 6 2 2 7 6 0 12 15 10 17 15
1196 4 4 6 2 2 7 6 0 12 15 10 17 15
1197 4 4 6 2 2 7 6 0 12 15 10 17 15
1198 4 4 6 2 2 7 6 0 12 15 10 17 15
1199 4 4 6 2 2 7 6 0 12 14 11 17 15
1200 4 4 6 2 2 7 6 0 12 14 11 17 15
1201 4 4 6 2 2 7 6 0 12 14 11 17 15
1202 4 4 6 2 2 7 6 0 12 14 11 17 15
1203 4 4 6 2 2 7 6 0 12 14 11 17 15
1204 4 4 6 2 2 7 6 0 12 14 11 17 15
1205 4 4 6 2 2 7 6 0 12 14 11 17 15
1206 4 4 6 2 2 7 6 0 12 14 11 17 15
1207 4 4 6 2 2 7 6 0 12 14 11 17 15
1208 4 4 6 2 2 7 6 0 12 14 11 17 15
1209 4 4 6 2 2 7 6 0 12 14 11 17 15
1210 4 4 6 2 2 7 6 0 12 14 11 17 15
1211 4 4 6 2 2 7 6 0 12 14 11 17 15
1212 4 4 6 2 2 7 6 0 12 14 11 17 15
1213 4 4 6 2 2 7 6 0 12 14 11 17 15
1214 4 4 6 2 2 7 6 0 12 14 11 17 15
1215 4 4 6 2 2 7 6 0 12 14 11 17 15
1216 4 4 6 2 2 7 6 0 12 14 11 17 15
1217 4 4 6 2 2 7 6 0 12 14 11 17 15
1218 4 4 6 2 2 7 6 0 12 14 11 17 15
1219 4 4 6 2 2 7 6 0 12 14 11 17 15
1220 4 4 6 2 2 7 6 0 12 14 11 17 15
1221 4 4 6 2 2 7 6 0 12 14 11 17 15
1222 4 4 6 2 2 7 6 0 12 14 11 17 15
1223 4 4 6 2 2 7 6 0 12 14 11 17 15
1224 4 4 6 2 2 7 6 0 12 14 11 17 15
1225 4 4 6 2 2 7 6 0 12 14 11 17 15
1226 4 4 6 2 2 7 6 0 12 14 11 17 15
1227 4 4 6 2 2 7 6 0 12 14 11 17 15
1228 4 4 6 2 2 7 6 0 12 14 11 17 15
1229 4 4 6 2 2 7 6 0 12 14 11 17 15
1230 4 4 6 2 2 7 6 0 12 14 11 17 15
1231 4 4 6 2 2 7 6 0 12 14 11 17 15
1232 4 4 6 2 2 7 6 0 12 14 11 17 15
1233 4 4 6 2 2 7 6 0 12 14 11 17 15
1234 4 4 6 2 2 7 6 0 12 14 11 17 15
1235 4 4 6 2 2 7 6 0 12 14 11 17 15
1236 4 4 6 2 2 7 6 0 12 14 11 17 15
1237 4 4 6 2 2 7 6 0 12 14 11 17 15
1238 4 4 6 2 2 7 6 0 12 14 11 17 15
1239 4 4 6 2 2 7 6 0 12 14 11 17 15
1240 4 4 6 2 2 7 6 0 12 14 11 17 15
1241 4 4 6 2 2 7 6 0 12 14 11 17 15
1242 4 4 6 2 2 7 6 0 12 14 11 17 15
1243 4 4 6 2 2 7 6 0 12 14 11 17 15
1244 4 4 6 2 2 7 6 0 12 14 11 17 15
1245 4 4 6 2 2 7 6 0 12 14 11 17 15
1246 4 4 6 2 2 7 6 0 12 14 11 17 15
1247 4 4 6 2 2 7 6 0 12 14 11 17 15
1248 4 4 6 2 2 7 6 0 12 14 11 17 15
1249 4 4 6 2 2 7 6 0 12 14 11 17 15
1250 4 4 6 2 2 7 6 0 12 14 11 17 15
1251 4 4 6 2 2 7 6 0 12 14 11 17 15
