timeStep areaDensityCounting-PID5 areaDensityCounting-PID6 areaDensityCounting-PID7 areaDensityCounting-PID8 areaDensityCounting-PID9 areaDensityCounting-PID10 areaDensityCounting-PID11 areaDensityCounting-PID12 areaDensityCounting-PID13 areaDensityCounting-PID14 areaDensityCounting-PID15 areaDensityCounting-PID16 areaDensityCounting-PID17
1 0 0 10 0 10 6 0 0 10 0 10 0 6
2 0 0 10 0 10 6 0 0 10 1 9 0 6
3 1 3 7 2 15 10 2 0 14 5 5 0 10
4 1 4 6 4 16 11 5 0 16 4 4 1 11
5 3 4 6 6 14 12 7 0 14 5 3 4 12
6 3 5 7 7 13 13 7 2 13 5 3 5 13
7 5 5 8 8 12 12 9 1 12 6 2 6 14
8 6 5 8 8 12 10 10 1 10 5 3 7 13
9 7 5 9 6 14 9 8 1 11 7 2 7 13
10 7 5 9 6 14 9 7 1 12 6 3 7 13
11 7 5 9 8 12 9 7 1 12 6 3 7 13
12 6 5 9 8 12 10 9 1 11 5 3 7 13
13 7 5 9 8 12 9 10 1 10 5 3 6 14
14 6 5 9 8 12 10 9 1 10 5 3 6 14
15 6 6 8 8 12 10 9 1 11 5 3 7 13
16 5 6 9 8 12 10 9 1 12 5 2 8 12
17 5 6 9 8 12 9 8 2 12 5 2 7 13
18 5 6 9 8 12 9 9 2 11 5 2 7 13
19 6 7 9 8 12 8 10 1 11 6 2 6 14
20 6 6 10 8 12 8 11 1 11 5 2 7 13
21 6 6 10 8 12 8 11 1 11 4 3 7 13
22 6 5 11 8 12 8 9 1 12 4 4 8 12
23 5 5 11 8 12 9 10 1 11 4 4 8 12
24 5 5 11 8 12 9 9 2 11 4 4 8 12
25 5 5 11 8 12 9 11 1 10 3 5 7 13
26 5 5 11 8 12 9 11 1 10 3 5 7 13
27 5 5 11 8 12 9 10 1 11 3 5 7 13
28 5 5 11 8 12 9 10 1 11 3 5 8 12
29 5 5 11 8 12 9 11 0 11 5 3 8 12
30 5 5 11 8 12 9 11 1 10 5 3 8 12
31 5 5 11 8 12 9 11 1 10 5 3 8 12
32 5 5 11 8 12 9 11 1 10 5 3 9 11
33 5 5 11 8 12 8 11 1 10 4 4 9 11
34 5 6 10 8 12 8 9 1 11 5 4 10 10
35 5 7 10 8 12 8 9 1 11 5 4 9 11
36 4 7 10 7 13 9 10 1 10 5 4 9 11
37 5 7 10 8 13 8 9 1 10 6 4 7 12
38 4 7 10 8 13 9 8 1 11 6 4 7 12
39 4 7 10 7 13 9 9 1 11 6 4 6 13
40 4 7 10 7 13 9 10 1 10 5 4 8 12
41 4 7 10 7 13 9 10 1 10 6 3 8 12
42 4 7 10 7 13 9 11 1 9 5 4 8 12
43 4 7 10 8 12 9 9 1 11 4 4 9 12
44 4 6 11 8 12 9 11 1 9 4 4 9 12
45 4 8 9 8 12 9 11 1 9 4 4 9 12
46 4 7 8 7 14 9 10 1 10 4 4 9 12
47 5 5 10 7 14 9 10 1 10 4 4 9 12
48 4 5 10 7 14 9 11 1 9 4 4 8 13
49 4 5 10 7 14 9 10 1 10 4 4 8 13
50 5 6 10 7 14 8 9 1 11 5 3 10 11
51 5 7 9 6 15 8 12 1 8 5 3 11 10
52 4 8 8 6 15 9 11 1 9 5 3 10 11
53 4 7 9 6 15 9 12 2 7 5 3 9 12
54 4 7 9 6 15 9 12 2 7 5 3 7 14
55 4 7 9 7 15 9 11 1 8 5 4 8 12
56 4 7 9 7 15 9 10 1 9 5 4 9 11
57 4 7 8 8 14 9 9 1 10 6 3 10 10
58 4 7 8 8 14 9 10 1 9 6 3 9 11
59 4 7 8 8 14 9 9 1 9 7 3 9 11
60 4 7 8 8 14 9 10 1 8 6 4 9 11
61 4 7 8 8 14 9 11 1 8 5 4 10 10
62 4 7 8 9 14 9 10 1 9 5 3 10 11
63 4 7 8 9 14 9 10 1 9 5 3 11 10
64 4 7 8 9 14 9 10 1 9 4 4 11 10
65 4 7 8 8 14 9 10 1 10 4 4 11 10
66 4 7 9 8 14 8 10 1 10 4 4 11 10
67 5 7 10 7 14 7 10 1 10 5 4 11 9
68 5 8 8 7 15 7 8 1 12 5 4 10 10
69 5 8 8 7 15 7 9 0 12 4 6 10 9
70 5 8 8 8 14 7 8 1 12 5 4 9 11
71 5 8 8 8 14 7 8 1 12 5 4 10 10
72 5 8 8 8 14 7 8 1 12 4 5 9 11
73 5 7 9 9 12 7 9 1 12 5 4 9 11
74 5 7 9 8 13 7 9 1 12 6 3 10 10
75 5 8 8 7 14 7 8 1 13 5 4 9 11
76 4 9 8 7 14 7 8 1 13 3 5 9 12
77 4 8 9 8 13 7 7 1 14 4 5 8 12
78 4 8 9 7 14 7 9 1 12 5 4 8 12
79 5 8 7 7 14 7 9 1 11 5 5 9 11
80 5 7 8 7 14 7 9 1 11 5 5 12 8
81 5 7 7 7 14 8 9 1 11 6 5 9 10
82 5 7 7 8 13 8 10 1 10 5 6 11 8
83 5 7 7 8 13 8 10 1 11 6 4 10 9
84 5 7 7 8 13 8 11 1 9 6 5 9 10
85 5 7 7 8 13 8 11 1 9 5 6 9 10
86 5 7 7 8 13 8 11 1 9 6 4 10 10
87 5 7 7 8 13 8 10 1 10 5 5 11 9
88 5 7 7 8 13 8 8 1 11 6 5 12 8
89 5 7 7 8 13 8 9 1 10 6 7 10 8
90 5 7 7 8 13 8 9 1 11 7 5 9 9
91 5 7 7 8 13 8 9 1 11 7 5 10 8
92 5 7 7 9 12 8 9 1 11 7 6 9 8
93 5 7 7 9 12 8 10 1 10 7 6 10 7
94 5 7 7 9 12 8 10 1 9 7 7 11 6
95 5 7 7 9 12 8 10 1 9 9 5 9 8
96 5 7 7 9 12 8 10 1 10 8 5 8 9
97 5 7 7 9 12 8 10 1 9 8 6 11 6
98 5 7 7 9 12 8 10 1 10 9 4 11 6
99 5 7 7 9 12 8 8 1 11 9 6 9 7
100 5 7 7 9 12 8 8 1 11 9 6 8 8
101 5 7 7 9 12 8 9 1 10 8 7 9 7
102 5 7 7 10 12 8 8 1 10 10 6 9 7
103 5 7 7 10 12 8 7 1 12 8 7 9 7
104 5 7 7 10 12 8 10 1 10 7 7 11 5
105 5 6 8 11 11 8 9 1 10 10 6 10 5
106 6 7 7 10 12 7 9 1 10 8 8 10 5
107 6 5 10 9 13 6 9 1 10 8 7 10 6
108 5 8 6 9 14 7 10 1 10 7 8 10 5
109 4 10 6 8 14 7 11 1 9 8 7 9 6
110 3 8 5 9 14 8 10 1 9 8 7 10 6
111 3 8 5 8 15 8 10 1 10 6 9 10 5
112 3 8 4 9 15 8 11 1 9 6 9 11 4
113 4 6 7 9 15 7 10 1 10 7 8 10 5
114 3 8 6 9 15 7 10 1 10 6 8 10 6
115 4 5 8 9 14 7 10 1 10 6 8 10 6
116 4 6 8 9 14 7 11 1 9 6 8 11 5
117 4 6 8 9 14 7 10 1 10 7 7 11 5
118 4 6 8 9 14 7 9 1 10 8 8 12 3
119 3 7 8 9 13 7 8 1 12 8 7 10 6
120 3 7 8 9 13 7 10 1 11 7 7 10 6
121 3 7 8 9 13 7 10 1 10 8 8 10 5
122 4 7 8 8 14 6 9 1 11 7 9 11 4
123 4 6 9 7 15 6 9 1 11 8 8 11 4
124 4 6 8 7 15 7 9 1 11 7 9 11 4
125 4 6 8 7 15 7 11 1 9 7 9 11 4
126 4 6 7 7 16 7 11 1 10 7 8 10 5
127 3 6 7 7 16 8 11 1 10 7 8 10 5
128 4 6 7 7 16 7 10 1 10 7 9 10 5
129 4 6 7 7 16 7 9 1 11 7 9 10 5
130 4 6 7 7 16 7 10 1 10 7 9 11 4
131 4 7 7 7 15 7 10 1 11 6 9 11 4
132 4 7 7 8 14 7 10 1 11 7 8 10 5
133 4 6 7 8 15 7 11 1 10 8 6 11 5
134 4 6 7 8 14 7 10 1 10 9 6 11 5
135 4 6 7 8 14 7 10 1 11 10 6 9 5
136 4 6 7 8 14 7 9 1 11 8 9 9 5
137 4 5 8 8 14 7 9 1 11 8 10 10 3
138 4 5 7 8 15 7 9 1 11 9 9 10 3
139 4 5 7 8 15 7 9 1 11 8 9 10 4
140 3 6 7 8 15 7 9 1 11 8 9 9 5
141 4 6 7 8 15 6 8 1 12 8 9 9 5
142 4 6 7 9 14 6 9 1 12 8 8 9 5
143 4 5 6 10 14 6 10 1 11 8 8 9 5
144 4 6 6 10 14 6 8 1 12 9 8 10 4
145 4 5 7 10 14 6 7 1 13 9 8 10 4
146 4 5 7 10 14 6 8 1 13 7 9 9 5
147 4 5 7 10 14 6 9 1 12 7 8 10 5
148 4 5 7 10 14 6 8 1 13 7 8 10 5
149 4 5 7 10 14 6 9 1 12 6 9 10 5
150 4 5 7 10 14 6 8 1 13 6 9 10 5
151 4 5 7 11 13 6 9 1 11 6 10 10 5
152 4 6 7 12 12 6 8 1 12 7 10 10 4
153 4 6 7 11 13 6 8 1 12 6 10 10 5
154 4 6 7 11 13 6 8 1 12 6 10 11 4
155 4 6 7 11 13 6 9 1 12 5 10 11 4
156 4 5 8 11 13 6 8 1 12 7 9 11 4
157 4 5 8 10 14 6 8 1 11 8 8 11 5
158 4 6 6 10 15 6 8 1 11 8 8 11 5
159 4 6 6 11 14 6 8 1 11 8 8 12 4
160 4 6 6 12 14 6 10 0 11 8 8 11 4
161 4 6 5 11 15 6 8 1 12 8 8 10 5
162 4 6 5 11 16 6 8 1 12 8 8 11 4
163 4 6 5 11 16 6 8 1 11 8 9 11 4
164 4 6 5 11 16 6 8 1 12 8 8 11 4
165 4 6 5 11 16 6 8 1 12 8 7 11 5
166 4 6 5 11 16 6 8 1 12 8 8 11 4
167 4 6 5 10 16 6 10 1 11 8 8 11 4
168 4 6 5 10 16 6 9 1 12 8 7 11 5
169 5 6 5 10 16 5 9 1 12 8 7 11 5
170 4 7 5 10 16 5 9 1 12 8 8 11 4
171 4 6 5 11 15 5 9 1 12 8 8 11 4
172 3 7 5 11 14 5 8 1 12 7 9 10 6
173 3 7 5 11 14 5 9 1 11 8 8 9 7
174 3 5 6 11 14 5 9 1 11 8 9 10 5
175 3 5 6 11 14 5 8 1 11 7 11 11 4
176 3 5 6 11 14 5 8 1 11 8 12 11 2
177 3 5 5 12 14 5 8 1 11 9 11 10 3
178 3 5 5 12 14 5 9 1 10 9 11 10 3
179 3 5 5 12 14 5 9 1 10 9 11 9 4
180 3 4 6 11 15 5 8 1 10 9 11 10 4
181 3 4 6 11 15 5 9 1 10 8 12 10 3
182 3 4 6 11 15 5 9 1 10 8 12 10 3
183 3 4 6 11 15 5 8 1 11 8 12 9 4
184 3 4 6 11 15 5 9 1 10 9 11 9 4
185 3 4 6 12 14 5 8 1 11 9 12 8 4
186 3 4 6 12 14 5 7 1 11 10 12 8 4
187 3 4 7 12 14 5 8 1 11 10 11 7 5
188 3 4 7 11 15 5 8 1 11 10 11 8 4
189 3 3 7 12 15 5 8 1 11 10 11 8 4
190 3 3 7 12 15 5 8 1 11 10 11 7 5
191 3 3 7 12 15 5 8 1 11 11 11 8 3
192 3 3 7 12 15 5 8 1 11 12 10 8 3
193 3 3 7 13 14 5 8 1 11 12 10 7 4
194 3 3 7 13 14 5 9 1 11 11 11 7 3
195 3 3 7 12 15 5 9 1 11 11 11 7 3
196 3 4 6 12 15 5 8 1 12 10 11 7 4
197 3 4 6 12 15 5 9 1 11 11 10 6 5
198 3 4 6 12 15 5 8 1 13 10 10 6 5
199 3 4 6 12 15 5 8 1 13 10 11 7 3
200 3 4 6 11 16 5 10 1 11 10 11 7 3
201 3 4 6 12 15 5 8 1 13 11 10 7 3
202 3 5 6 13 14 5 7 1 14 11 10 7 3
203 3 5 5 13 14 6 7 1 14 11 10 7 3
204 3 5 5 12 15 6 8 1 15 10 10 7 3
205 3 5 5 13 14 6 7 1 15 11 10 7 3
206 3 4 6 13 14 6 8 1 14 12 9 6 4
207 3 4 6 12 15 6 9 1 13 12 10 6 3
208 3 5 5 12 15 6 9 1 13 12 10 6 3
209 3 4 6 11 16 6 9 1 13 12 10 6 3
210 3 4 6 11 16 6 10 1 12 12 10 5 4
211 3 4 6 10 16 6 11 2 11 12 11 6 2
212 3 4 6 10 16 6 11 1 12 11 11 6 3
213 3 4 5 10 17 6 10 1 13 11 12 5 3
214 3 4 5 10 17 6 10 1 13 11 12 5 3
215 3 4 5 10 17 6 8 1 14 11 13 5 3
216 3 3 6 11 16 6 9 1 13 11 13 5 3
217 3 3 6 11 16 6 9 1 12 12 13 5 3
218 3 3 6 11 15 6 10 1 12 11 13 6 3
219 3 3 6 11 16 6 9 0 12 12 13 6 3
220 3 3 6 11 16 6 9 0 13 12 12 6 3
221 3 3 6 10 16 6 9 1 13 12 12 6 3
222 3 4 5 10 15 6 10 1 12 13 12 6 3
223 3 4 5 10 16 6 10 0 12 14 11 6 3
224 3 4 5 10 16 6 10 0 13 13 11 6 3
225 3 4 5 10 16 6 9 1 13 12 11 7 3
226 3 4 5 10 16 6 9 1 13 13 11 6 3
227 3 4 5 10 16 6 9 1 13 12 12 6 3
228 3 4 5 10 16 6 9 1 13 12 11 6 4
229 3 4 5 10 16 6 9 1 13 11 12 6 4
230 3 4 5 10 16 6 9 1 13 11 12 7 3
231 3 4 5 10 16 6 9 1 13 11 12 7 3
232 3 4 5 10 16 6 10 1 13 11 11 6 4
233 3 4 5 10 16 6 10 1 13 11 11 6 4
234 3 4 5 11 15 6 10 1 13 11 11 7 3
235 3 4 5 12 14 6 9 1 13 12 11 7 3
236 3 4 5 11 15 6 8 1 14 13 10 7 3
237 3 4 5 11 15 6 8 1 14 13 10 6 4
238 3 4 5 11 15 6 8 1 14 13 10 7 3
239 3 4 5 11 15 6 8 1 14 12 11 7 3
240 3 4 5 11 15 6 8 1 14 12 11 7 3
241 3 4 5 10 16 6 8 1 14 12 11 7 3
242 3 4 5 10 16 6 8 1 14 12 11 7 3
243 3 4 5 9 17 6 8 1 14 12 11 7 3
244 3 4 5 9 17 6 8 1 14 12 11 7 3
245 3 4 5 10 16 6 8 1 14 11 12 7 3
246 3 4 5 10 16 6 9 1 13 11 12 7 3
247 3 4 5 8 17 6 9 1 13 12 12 7 3
248 3 5 4 8 17 6 8 1 13 12 13 6 4
249 3 5 4 9 16 6 9 1 13 11 13 6 4
250 3 4 4 11 15 6 9 1 13 11 13 6 4
251 3 4 4 10 16 6 10 1 13 10 13 6 4
252 3 4 5 10 15 6 12 1 11 10 13 6 4
253 3 4 5 10 15 6 9 1 13 11 13 6 4
254 3 4 5 10 15 6 9 1 13 11 13 6 4
255 3 4 5 10 15 6 7 1 14 12 13 6 4
256 3 4 5 9 16 6 9 1 12 12 13 6 4
257 3 4 5 11 13 6 11 1 11 11 13 6 4
258 3 4 5 11 13 6 11 1 11 11 13 6 4
259 3 3 6 12 12 6 11 1 11 10 14 6 4
260 3 3 6 12 12 6 10 1 11 11 14 6 4
261 3 3 6 11 13 6 11 0 11 11 13 6 5
262 3 3 6 11 13 6 9 0 13 11 13 6 5
263 3 4 6 11 12 6 10 0 12 10 14 7 4
264 3 4 6 9 14 6 10 0 12 10 14 7 4
265 3 4 6 9 14 6 10 0 12 11 12 7 5
266 3 4 6 10 12 6 9 1 12 10 14 7 5
267 3 4 6 9 13 6 8 1 13 10 14 7 5
268 3 4 6 9 13 6 9 1 12 10 14 8 4
269 3 4 6 9 13 6 9 1 12 10 14 8 4
270 3 4 6 9 13 6 8 1 12 11 14 7 5
271 3 4 6 9 14 6 8 1 12 10 15 7 5
272 3 4 6 9 13 6 7 0 14 14 11 7 5
273 3 4 6 9 13 6 9 1 13 13 11 7 5
274 3 4 6 8 14 6 9 1 13 11 13 8 4
275 3 4 6 7 15 6 9 1 13 13 11 8 4
276 3 4 6 9 13 6 8 1 13 14 11 8 4
277 3 4 6 8 13 6 9 1 12 13 12 8 4
278 3 4 6 8 13 6 10 1 11 12 12 9 4
279 3 4 6 8 13 6 9 1 12 13 11 8 5
280 3 4 6 8 12 6 9 1 13 13 11 8 5
281 3 4 6 8 12 6 9 1 13 13 11 8 5
282 3 4 6 7 12 6 9 2 13 13 11 9 4
283 3 4 6 7 12 6 11 0 13 13 11 9 4
284 3 4 6 8 11 6 11 0 13 12 12 9 4
285 3 4 6 7 12 6 9 1 14 13 11 8 5
286 3 4 6 7 12 6 9 1 14 13 11 8 5
287 3 4 6 7 12 6 9 2 13 13 12 7 5
288 3 4 6 8 11 6 10 1 13 14 10 8 5
289 3 4 6 9 10 6 10 1 13 14 10 8 5
290 3 4 6 9 10 6 10 0 13 13 10 10 4
291 3 4 5 8 12 6 10 0 13 13 10 10 4
292 3 5 5 8 12 6 10 1 13 13 10 10 4
293 3 5 5 8 12 6 9 1 14 13 10 10 4
294 3 5 5 8 12 6 9 1 14 12 11 10 4
295 3 4 6 8 12 6 9 1 14 13 11 9 4
296 3 4 6 8 12 6 8 1 14 14 11 9 4
297 3 4 6 8 12 6 8 1 14 14 10 9 5
298 3 3 6 8 13 6 8 1 14 14 10 8 6
299 3 3 6 8 13 6 8 1 14 13 10 8 7
300 3 3 6 8 13 6 9 1 13 13 10 8 7
301 3 3 6 8 13 6 9 1 13 13 10 9 6
302 3 3 6 10 11 6 8 1 14 13 10 9 6
303 3 3 6 9 12 6 9 1 13 13 10 9 6
304 3 3 6 9 12 6 10 1 12 12 11 9 6
305 3 3 6 9 12 6 9 1 13 11 12 9 6
306 3 3 6 9 12 6 10 1 12 11 12 10 5
307 3 3 6 9 12 6 11 1 12 10 12 10 5
308 3 3 6 9 12 6 10 1 13 10 12 10 5
309 3 3 6 9 12 6 9 1 13 11 12 10 5
310 3 3 6 9 12 6 10 0 13 11 12 10 5
311 3 3 6 9 11 6 10 1 13 11 12 10 5
312 3 3 6 9 11 6 9 1 14 11 12 10 5
313 3 3 6 9 10 6 9 1 13 12 12 9 6
314 3 3 6 9 9 6 11 1 12 12 12 9 6
315 3 3 6 9 9 6 10 1 13 12 12 10 5
316 3 3 6 9 9 6 10 1 13 12 12 10 5
317 3 3 6 9 10 6 10 0 13 11 13 10 5
318 3 3 6 9 10 6 10 0 13 11 13 10 5
319 3 3 6 9 10 6 10 0 14 10 12 11 5
320 3 3 6 9 9 6 10 2 13 11 11 11 5
321 3 3 6 9 10 6 9 1 14 11 11 11 5
322 3 3 6 9 10 6 10 1 13 10 12 11 5
323 3 3 6 9 10 6 10 1 13 10 12 10 6
324 3 3 6 9 10 6 10 1 13 10 12 9 7
325 3 3 6 9 9 6 10 1 14 10 12 9 7
326 3 3 6 8 10 6 12 1 12 10 12 9 7
327 3 3 6 8 10 6 11 1 12 11 12 9 7
328 3 3 6 8 11 6 12 1 12 10 12 9 7
329 3 3 6 8 11 6 12 1 12 10 12 9 7
330 3 3 6 9 10 6 12 1 12 10 11 9 8
331 3 3 6 9 10 6 12 1 11 11 11 9 8
332 3 3 6 9 10 6 10 1 13 11 11 9 8
333 3 3 6 8 11 6 10 1 12 12 11 10 7
334 3 3 6 8 11 6 8 1 14 12 11 10 7
335 3 3 6 8 11 6 8 1 13 13 11 10 7
336 3 3 6 8 11 6 8 1 13 12 12 11 6
337 3 3 6 10 9 6 8 1 13 12 12 10 7
338 3 3 6 9 10 6 8 1 13 11 12 11 7
339 3 3 6 9 10 6 7 1 14 11 12 10 8
340 3 3 6 9 10 6 8 1 13 11 11 10 9
341 3 3 6 8 11 6 8 1 13 11 11 10 9
342 3 3 6 9 10 6 7 1 13 11 12 10 9
343 3 3 6 8 10 6 7 1 14 12 11 10 9
344 3 3 6 8 10 6 10 1 12 11 11 10 9
345 3 3 6 8 10 6 10 1 12 12 10 10 9
346 3 3 6 8 10 6 9 1 12 12 11 10 9
347 3 3 6 8 10 6 8 1 13 12 11 10 9
348 3 3 6 8 10 6 9 1 12 12 11 8 11
349 3 3 6 6 11 6 9 2 12 11 12 9 10
350 3 3 6 6 11 6 10 1 12 11 12 10 9
351 3 3 6 6 11 6 9 1 13 11 12 10 9
352 3 3 6 6 11 6 9 1 13 11 12 10 9
353 3 3 6 5 11 6 11 1 12 12 11 11 8
354 3 3 6 6 10 6 11 1 12 11 12 11 8
355 3 3 6 6 10 6 11 1 12 11 12 11 8
356 3 3 6 6 10 6 11 1 12 11 11 11 9
357 3 3 6 6 10 6 11 1 12 11 11 11 9
358 3 3 6 6 10 6 10 1 13 11 11 12 8
359 3 3 6 6 10 6 10 1 13 11 11 12 8
360 3 3 6 6 10 6 10 1 13 11 11 12 8
361 3 3 6 6 10 6 10 1 13 11 10 12 9
362 3 3 6 6 10 6 10 1 13 11 10 12 9
363 3 3 6 6 10 6 10 1 13 11 10 10 11
364 3 3 6 6 10 6 10 1 13 10 11 10 11
365 3 3 6 6 10 6 11 1 12 9 12 11 10
366 3 3 6 7 9 6 9 1 14 10 11 11 10
367 3 3 6 7 9 6 9 1 14 10 11 12 9
368 3 3 6 7 8 6 9 2 13 11 11 11 10
369 3 3 6 7 8 6 10 1 13 11 11 10 11
370 3 3 6 7 8 6 10 1 13 10 12 10 11
371 3 3 6 7 8 6 10 1 13 10 12 10 11
372 3 3 6 7 8 6 10 1 13 10 12 10 11
373 3 3 6 7 8 6 9 1 14 10 12 10 11
374 3 3 6 6 8 6 10 1 14 10 12 10 11
375 3 3 6 6 8 6 10 1 14 10 12 10 11
376 3 3 6 6 8 6 10 1 14 9 13 10 11
377 3 3 6 6 8 6 10 1 14 9 13 10 11
378 3 3 6 6 8 6 11 1 13 9 13 10 11
379 3 3 6 6 8 6 11 1 13 9 13 10 11
380 3 3 6 5 9 6 11 1 13 9 13 10 11
381 3 3 6 6 8 6 10 1 13 10 13 10 11
382 3 3 6 6 8 6 10 1 13 10 13 10 11
383 3 3 6 7 7 6 9 1 13 11 13 10 11
384 3 3 6 7 6 6 9 1 13 12 13 10 11
385 3 3 6 6 7 6 9 1 13 12 13 10 11
386 3 3 6 7 6 6 9 1 13 12 13 10 11
387 3 3 6 7 6 6 9 1 13 12 13 10 11
388 3 3 6 7 6 6 8 1 13 13 14 10 10
389 3 3 6 7 6 6 8 1 13 12 15 10 10
390 3 3 6 7 6 6 8 1 13 12 14 10 11
391 3 4 5 6 7 6 8 1 13 12 14 10 11
392 3 3 6 6 7 6 8 1 13 12 13 11 11
393 3 3 6 6 7 6 8 1 13 12 13 11 11
394 3 3 6 6 7 6 8 1 13 11 14 11 11
395 3 3 6 6 7 6 8 1 13 11 13 11 12
396 3 3 6 6 7 6 8 1 13 11 12 11 13
397 3 3 6 6 7 6 8 1 13 11 13 11 12
398 3 3 6 6 7 6 8 1 13 11 13 13 10
399 3 3 6 6 7 6 8 1 13 12 12 12 11
400 3 3 6 6 7 6 8 1 13 13 10 12 12
401 3 3 6 6 7 6 8 0 14 13 10 12 12
402 3 3 6 6 6 6 8 1 14 13 10 11 13
403 3 3 6 5 7 6 10 1 12 12 11 11 13
404 3 3 6 6 6 6 9 1 13 12 11 12 12
405 3 3 6 6 6 6 9 1 13 11 11 12 13
406 3 3 6 6 6 6 10 1 13 11 11 11 13
407 3 3 6 5 7 6 10 1 13 11 11 11 13
408 3 3 6 5 7 6 11 1 13 11 10 11 13
409 3 3 6 5 7 6 11 1 13 11 10 11 13
410 3 3 6 5 7 6 10 1 13 11 11 11 13
411 3 3 6 5 7 6 10 1 13 11 11 11 13
412 3 3 6 5 7 6 10 1 13 11 10 12 13
413 3 3 6 5 7 6 10 1 13 11 10 12 13
414 3 3 6 5 7 6 10 1 13 11 10 12 13
415 3 3 6 6 6 6 10 0 14 10 11 11 14
416 3 3 6 5 6 6 11 1 13 10 11 12 13
417 3 3 6 5 6 6 11 1 13 10 12 12 12
418 3 3 6 5 6 6 11 1 13 10 12 12 12
419 3 3 6 6 5 6 10 1 14 10 12 12 12
420 3 3 6 5 6 6 11 1 13 11 11 13 11
421 3 3 6 5 6 6 11 1 13 11 10 13 12
422 3 3 6 5 6 6 9 1 14 10 12 13 12
423 3 3 6 5 6 6 8 1 15 11 11 13 12
424 3 3 6 5 6 6 10 1 13 11 11 13 12
425 3 3 6 5 6 6 9 1 14 11 11 14 11
426 3 3 6 5 6 6 10 1 14 10 11 14 11
427 3 3 6 5 6 6 11 1 13 10 11 14 11
428 3 3 6 5 6 6 9 1 14 11 11 14 11
429 3 3 6 6 6 6 9 0 14 11 11 14 11
430 3 3 6 6 5 6 8 1 15 10 12 14 11
431 3 3 6 5 6 6 10 0 14 10 12 15 10
432 3 3 6 5 5 6 9 1 14 11 12 15 10
433 3 3 6 5 5 6 9 1 14 11 11 14 12
434 3 3 6 5 5 6 8 1 15 11 11 14 12
435 3 3 6 5 5 6 9 0 15 11 11 14 12
436 3 3 6 5 5 6 9 1 14 10 12 14 12
437 3 3 6 5 5 6 9 1 14 10 12 13 13
438 3 3 6 5 5 6 9 1 14 11 11 13 13
439 3 3 6 5 5 6 9 1 14 11 11 13 13
440 3 3 6 5 5 6 9 1 14 11 11 13 13
441 3 3 6 5 5 6 9 1 14 11 11 13 13
442 3 3 6 5 5 6 9 1 13 12 11 13 13
443 3 3 6 6 4 6 9 1 13 11 12 13 13
444 3 3 6 6 4 6 10 1 13 10 12 13 13
445 3 3 6 6 4 6 10 1 13 10 12 13 13
446 3 3 6 6 4 6 9 1 14 11 11 13 13
447 3 3 6 6 4 6 10 1 13 10 12 13 13
448 3 3 6 6 4 6 10 1 13 10 12 13 13
449 3 3 6 6 4 6 10 1 13 10 12 13 13
450 3 3 6 6 4 6 9 1 13 11 12 13 13
451 3 3 6 6 4 6 9 1 13 11 12 13 13
452 3 3 6 6 4 6 9 1 13 11 12 14 12
453 3 3 6 6 4 6 9 1 13 11 12 14 12
454 3 3 6 6 4 6 9 1 13 11 12 13 13
455 3 3 6 6 4 6 9 1 13 11 12 12 14
456 3 3 6 6 4 6 9 1 13 10 13 13 13
457 3 3 6 5 5 6 9 1 13 10 13 13 13
458 3 3 6 5 5 6 9 1 13 10 13 13 13
459 3 3 6 6 4 6 9 1 13 11 12 13 13
460 3 3 6 6 4 6 9 1 13 11 12 13 13
461 3 3 6 5 5 6 9 1 13 11 12 13 13
462 3 3 6 5 5 6 9 1 13 11 12 13 13
463 3 3 6 5 5 6 9 1 13 11 12 13 13
464 3 3 6 5 5 6 9 1 13 11 12 13 13
465 3 3 6 5 5 6 9 1 13 11 12 13 13
466 3 3 6 6 4 6 9 0 14 11 12 13 13
467 3 3 6 5 5 6 8 1 14 11 12 13 13
468 3 3 6 5 5 6 9 1 13 12 11 13 13
469 3 3 6 5 5 6 9 1 13 11 12 13 13
470 3 3 6 5 5 6 9 1 13 11 12 13 13
471 3 3 6 5 5 6 9 1 13 11 12 13 13
472 3 3 6 5 5 6 9 1 13 11 12 12 14
473 3 3 6 5 5 6 9 1 13 11 12 13 13
474 3 3 6 5 5 6 9 1 13 11 12 13 13
475 3 3 6 5 5 6 9 1 13 11 12 13 13
476 3 3 6 5 5 6 9 1 13 11 12 12 14
477 3 3 6 5 5 6 9 1 13 11 12 13 13
478 3 3 6 6 4 6 9 1 13 11 12 13 13
479 3 3 6 6 4 6 9 1 13 11 12 13 13
480 3 3 6 6 4 6 9 1 13 11 12 13 13
481 3 3 6 6 4 6 9 1 13 11 12 13 13
482 3 3 6 6 4 6 9 1 13 11 12 14 12
483 3 3 6 6 4 6 9 1 13 11 12 14 12
484 3 3 6 6 4 6 9 1 13 11 12 14 12
485 3 3 6 6 4 6 9 1 13 11 12 14 12
486 3 3 6 6 4 6 9 1 13 11 12 14 12
487 3 3 6 6 4 6 9 1 13 11 12 14 12
488 3 3 6 6 4 6 9 1 13 11 12 14 12
489 3 3 6 6 4 6 9 1 13 11 12 14 12
490 3 3 6 6 4 6 9 1 13 11 12 14 12
491 3 3 6 5 5 6 9 1 13 11 12 14 12
492 3 3 6 5 5 6 7 1 15 11 12 14 12
493 3 3 6 5 5 6 7 1 15 11 12 14 12
494 3 3 6 5 5 6 8 1 14 11 12 14 12
495 3 3 6 5 5 6 9 1 13 11 12 14 12
496 3 3 6 5 5 6 9 1 13 11 12 14 12
497 3 3 6 5 5 6 8 1 13 12 12 14 12
498 3 3 6 5 5 6 8 1 13 12 12 14 12
499 3 3 6 5 5 6 8 1 13 12 12 14 12
500 3 3 6 5 5 6 8 1 13 12 13 14 11
501 3 3 6 6 5 6 8 0 13 11 13 15 11
502 3 3 6 5 6 6 7 0 14 11 13 14 12
503 3 3 6 5 5 6 7 1 14 11 13 13 13
504 3 3 6 6 5 6 7 0 14 11 13 13 13
505 3 3 6 6 5 6 7 0 14 11 13 13 13
506 3 3 6 7 4 6 7 0 14 11 13 13 13
507 3 3 6 7 4 6 7 0 14 11 13 14 12
508 3 3 6 7 4 6 7 0 14 11 13 14 12
509 3 3 6 7 4 6 7 0 14 11 13 14 12
510 3 3 6 7 4 6 7 0 14 11 13 14 12
511 3 3 6 7 4 6 7 0 14 11 13 14 12
512 3 3 6 7 3 6 7 1 14 11 13 13 13
513 3 3 6 7 3 6 7 0 15 12 13 13 12
514 3 3 6 7 3 6 8 0 14 12 14 12 12
515 3 3 6 6 4 6 7 0 14 13 14 12 12
516 3 3 6 6 4 6 7 0 14 13 14 12 12
517 3 3 6 6 4 6 7 0 14 13 14 12 12
518 3 3 6 6 4 6 7 0 14 12 15 12 12
519 3 3 6 6 4 6 7 0 14 12 15 12 12
520 3 3 6 6 4 6 7 0 13 13 14 12 13
521 3 3 6 5 5 6 7 0 13 13 14 12 13
522 3 3 6 6 3 6 7 1 13 13 14 12 13
523 3 3 6 5 4 6 7 1 13 13 14 12 13
524 3 3 6 5 4 6 8 0 13 13 14 12 13
525 3 3 6 5 4 6 8 0 13 14 13 12 13
526 3 3 6 5 4 6 8 0 13 14 13 12 13
527 3 3 6 5 4 6 7 0 14 14 13 12 13
528 3 3 6 5 4 6 7 0 14 12 15 12 13
529 3 3 6 5 4 6 7 0 14 13 14 12 13
530 3 3 6 5 4 6 7 0 14 12 15 12 13
531 3 3 6 4 5 6 7 0 14 12 14 12 14
532 3 3 6 5 4 6 7 0 14 12 14 12 14
533 3 3 6 5 4 6 8 0 14 12 14 12 13
534 3 3 6 5 3 6 8 1 14 12 14 12 13
535 3 3 6 4 4 6 8 0 14 13 14 13 12
536 3 3 6 4 4 6 9 0 14 13 13 13 12
537 3 3 6 4 4 6 9 0 14 14 12 12 13
538 3 3 6 4 4 6 9 0 14 13 13 12 13
539 3 3 6 4 4 6 9 0 14 14 12 12 13
540 3 3 6 4 4 6 8 0 15 13 12 13 13
541 3 3 6 4 4 6 8 0 15 12 13 13 13
542 3 3 6 4 4 6 8 0 15 12 13 13 13
543 3 3 6 4 4 6 8 0 15 13 12 13 13
544 3 3 6 4 4 6 8 0 15 14 12 13 12
545 3 3 6 4 4 6 8 0 15 15 11 12 13
546 3 3 6 4 4 6 8 0 15 14 12 12 13
547 3 3 6 4 4 6 8 0 15 12 14 13 12
548 3 3 6 4 4 6 8 0 15 13 13 13 12
549 3 3 6 4 4 6 8 0 15 12 13 15 11
550 3 3 6 4 4 6 8 0 15 12 13 14 12
551 3 3 6 4 4 6 7 0 15 13 13 14 12
552 3 3 6 4 4 6 7 0 15 13 13 14 12
553 3 3 6 4 3 6 7 1 15 13 13 14 12
554 3 3 6 4 3 6 8 0 15 13 13 14 12
555 3 3 6 4 3 6 9 0 14 13 13 14 12
556 3 3 6 4 3 6 7 0 15 14 13 14 12
557 3 3 6 4 3 6 7 0 15 13 14 14 12
558 3 3 6 4 3 6 8 0 14 14 14 13 12
559 3 3 6 4 3 6 7 0 14 15 13 13 13
560 3 3 6 4 3 6 7 0 14 14 13 14 13
561 3 3 6 4 3 6 7 0 14 12 15 14 13
562 3 3 6 4 3 6 7 0 14 13 14 14 13
563 3 3 6 4 3 6 7 0 14 12 15 14 13
564 3 3 6 4 3 6 7 0 14 13 14 13 14
565 3 3 6 4 3 6 7 0 14 13 13 13 15
566 3 3 6 4 3 6 8 0 13 12 12 14 16
567 3 3 6 4 3 6 8 0 13 11 13 15 15
568 3 3 6 4 3 6 8 0 13 10 14 16 14
569 3 3 6 4 3 6 8 0 13 11 13 16 14
570 3 3 6 4 3 6 8 0 13 11 13 16 14
571 3 3 6 4 3 6 8 0 13 11 13 16 14
572 3 3 6 4 3 6 8 0 13 11 12 16 15
573 3 3 6 4 3 6 8 0 13 10 13 17 14
574 3 3 6 4 3 6 8 0 13 10 13 16 15
575 3 3 6 4 3 6 8 0 13 10 13 16 15
576 3 3 6 4 3 6 8 0 13 10 13 15 16
577 3 3 6 4 3 6 8 0 13 10 13 15 16
578 3 3 6 4 3 6 8 0 13 10 13 15 16
579 3 3 6 4 3 6 8 0 13 10 13 15 16
580 3 3 6 4 3 6 8 0 13 10 13 15 16
581 3 3 6 4 3 6 8 0 13 10 13 15 16
582 3 3 6 4 3 6 8 0 13 10 13 15 16
583 3 3 6 4 3 6 8 0 13 10 13 15 16
584 3 3 6 4 3 6 8 0 13 10 13 15 16
585 3 3 6 4 3 6 8 0 13 10 13 15 16
586 3 3 6 4 3 6 8 0 13 10 12 14 18
587 3 3 6 4 3 6 8 0 13 9 13 14 18
588 3 3 6 4 3 6 8 0 13 9 13 14 18
589 3 3 6 4 3 6 8 0 13 10 13 14 17
590 3 3 6 4 3 6 8 0 13 10 13 14 17
591 3 3 6 4 3 6 8 0 13 11 12 14 17
592 3 3 6 4 3 6 8 0 13 11 12 15 16
593 3 3 6 4 3 6 8 0 13 11 12 15 16
594 3 3 6 4 3 6 8 0 13 11 12 15 16
595 3 3 6 4 3 6 8 0 13 11 12 15 16
596 3 3 6 4 3 6 8 0 13 11 12 15 16
597 3 3 6 4 3 6 8 0 13 11 12 15 16
598 3 3 6 4 3 6 8 0 13 11 12 16 15
599 3 3 6 4 3 6 8 0 13 11 12 16 15
600 3 3 6 4 3 6 8 0 13 11 12 16 15
601 3 3 6 4 3 6 8 0 13 11 12 16 15
602 3 3 6 4 3 6 8 0 13 11 12 16 15
603 3 3 6 4 3 6 8 0 13 11 12 16 15
604 3 3 6 4 3 6 8 0 13 11 12 16 15
605 3 3 6 4 3 6 8 0 13 11 12 16 15
606 3 3 6 4 3 6 8 0 13 11 12 16 15
607 3 3 6 4 3 6 8 0 13 11 12 16 15
608 3 3 6 4 3 6 8 0 13 11 12 16 15
609 3 3 6 4 3 6 8 0 13 11 12 16 15
610 3 3 6 4 3 6 8 0 13 11 12 16 15
611 3 3 6 4 3 6 8 0 13 11 12 16 15
612 3 3 6 4 3 6 8 0 13 11 12 16 15
613 3 3 6 4 3 6 8 0 13 11 12 16 15
614 3 3 6 4 3 6 8 0 13 11 12 16 15
615 3 3 6 4 3 6 8 0 13 11 12 16 15
616 3 3 6 4 3 6 8 0 13 11 12 16 15
617 3 3 6 4 3 6 8 0 13 11 12 16 15
618 3 3 6 4 3 6 8 0 13 11 12 17 14
619 3 3 6 4 3 6 8 0 13 11 13 16 14
620 3 3 6 4 3 6 8 0 13 11 13 15 15
621 3 3 6 4 3 6 8 0 13 12 12 15 15
622 3 3 6 4 3 6 8 0 13 11 14 14 15
623 3 3 6 4 3 6 8 0 13 10 14 15 15
624 3 3 6 4 3 6 8 0 13 13 13 14 14
625 3 3 6 4 3 6 8 0 13 12 14 14 14
626 3 3 6 4 3 6 8 0 13 12 13 15 14
627 3 3 6 4 3 6 8 0 13 13 13 14 14
628 3 3 6 4 3 6 8 0 13 13 13 14 14
629 3 3 6 2 4 6 8 1 13 13 13 14 14
630 3 3 6 3 3 6 10 0 13 12 13 14 14
631 3 3 6 3 3 6 9 0 14 12 13 14 14
632 3 3 6 3 3 6 9 0 14 12 13 14 14
633 3 3 6 3 3 6 9 0 14 12 13 14 14
634 3 3 6 3 3 6 9 0 14 12 13 14 14
635 3 3 6 3 3 6 9 0 14 12 12 14 15
636 3 3 6 3 3 6 9 0 14 12 12 14 15
637 3 3 6 3 3 6 9 0 14 12 12 14 15
638 3 3 6 3 3 6 9 0 14 12 13 14 14
639 3 3 6 3 3 6 9 0 14 12 13 14 14
640 3 3 6 3 3 6 9 0 14 12 13 14 14
641 3 3 6 3 3 6 9 0 14 12 13 14 14
642 3 3 6 3 3 6 9 0 14 12 13 14 14
643 3 3 6 3 3 6 9 0 14 12 13 14 14
644 3 3 6 3 3 6 9 0 14 12 13 14 14
645 3 3 6 3 3 6 9 0 14 12 13 15 13
646 3 3 6 3 3 6 9 0 14 12 13 15 13
647 3 3 6 3 3 6 9 0 14 12 13 15 13
648 3 3 6 3 3 6 9 0 14 12 13 15 13
649 3 3 6 3 3 6 9 0 14 12 13 15 13
650 3 3 6 3 3 6 9 0 14 12 13 15 13
651 3 3 6 3 3 6 9 0 14 12 13 15 13
652 3 3 6 3 3 6 9 0 14 12 13 15 13
653 3 3 6 3 3 6 9 0 14 12 13 15 13
654 3 3 6 3 3 6 9 0 14 12 13 15 13
655 3 3 6 3 3 6 9 0 14 12 13 15 13
656 3 3 6 3 3 6 9 0 14 12 13 15 13
657 3 3 6 3 3 6 9 0 14 12 13 15 13
658 3 3 6 2 3 6 9 1 14 12 13 15 13
659 3 3 6 3 2 6 9 0 15 12 13 15 13
660 3 3 6 3 2 6 9 0 15 12 13 15 13
661 3 3 6 3 2 6 8 0 16 12 13 15 13
662 3 3 6 3 2 6 9 0 15 12 13 15 13
663 3 3 6 3 2 6 9 0 15 12 13 15 13
664 3 3 6 3 2 6 9 0 15 12 13 15 13
665 3 3 6 3 2 6 8 0 16 12 13 15 13
666 3 3 6 3 2 6 8 0 16 12 13 15 13
667 3 3 6 3 2 6 8 0 16 12 13 15 13
668 3 3 6 3 2 6 8 0 16 12 13 15 13
669 3 3 6 3 2 6 8 0 16 12 13 15 13
670 3 3 6 3 2 6 8 0 16 12 13 15 13
671 3 3 6 3 2 6 8 0 16 12 13 15 13
672 3 3 6 3 2 6 8 0 16 12 13 15 13
673 3 3 6 3 2 6 7 0 17 12 13 15 13
674 3 3 6 3 2 6 7 0 17 12 13 15 13
675 3 3 6 3 2 6 7 0 17 12 13 15 13
676 3 3 6 3 2 6 7 0 17 12 13 15 13
677 3 3 6 3 2 6 7 0 17 12 13 15 13
678 3 3 6 3 2 6 7 0 17 12 13 15 13
679 3 3 6 3 2 6 7 0 17 12 13 15 13
680 3 3 6 3 2 6 7 0 17 12 13 15 13
681 3 3 6 3 2 6 7 0 17 12 13 15 13
682 3 3 6 3 2 6 7 0 17 12 13 15 13
683 3 3 6 3 2 6 7 0 17 12 13 15 13
684 3 3 6 3 2 6 7 0 17 12 13 15 13
685 3 3 6 3 2 6 7 0 17 12 13 15 13
686 3 3 6 3 2 6 7 0 17 12 13 15 13
687 3 3 6 3 2 6 7 0 17 12 13 15 13
688 3 3 6 3 2 6 7 0 17 12 13 15 13
689 3 3 6 3 2 6 7 0 17 12 13 15 13
690 3 3 6 3 2 6 7 0 17 12 13 15 13
691 3 3 6 3 2 6 7 0 17 12 13 15 13
692 3 3 6 3 2 6 7 0 17 12 13 15 13
693 3 3 6 3 2 6 7 0 17 12 13 15 13
694 3 3 6 3 2 6 7 0 17 12 13 15 13
695 3 3 6 3 2 6 7 0 17 12 13 15 13
696 3 3 6 3 2 6 8 0 16 12 13 15 13
697 3 3 6 3 2 6 8 0 16 12 13 15 13
698 3 3 6 3 2 6 8 0 16 12 13 15 13
699 3 3 6 3 2 6 8 0 16 12 13 15 13
700 3 3 6 3 2 6 8 0 16 12 13 15 13
701 3 3 6 3 2 6 8 0 16 12 13 15 13
702 3 3 6 3 2 6 8 0 16 12 13 15 13
703 3 3 6 3 2 6 8 0 16 12 13 15 13
704 3 3 6 3 2 6 10 0 14 12 13 15 13
705 3 3 6 3 2 6 9 0 15 12 13 15 13
706 3 3 6 3 2 6 9 0 15 12 13 15 13
707 3 3 6 3 2 6 9 0 15 12 13 15 13
708 3 3 6 3 2 6 8 0 15 13 13 15 13
709 3 3 6 3 2 6 9 0 14 13 13 15 13
710 3 3 6 3 2 6 9 0 14 13 13 15 13
711 3 3 6 3 2 6 8 0 14 13 14 15 13
712 3 3 6 3 2 6 7 0 14 14 14 15 13
713 3 3 6 3 2 6 7 0 14 14 14 15 13
714 3 3 6 3 2 6 7 0 14 14 14 15 13
715 3 3 6 3 2 6 7 0 14 15 13 15 13
716 3 3 6 3 2 6 8 0 13 13 15 15 13
717 3 3 6 3 2 6 8 0 14 13 14 15 13
718 3 3 6 3 2 6 9 0 13 12 15 15 13
719 3 3 6 3 2 6 9 0 13 11 16 15 13
720 3 3 6 3 2 6 9 0 13 11 16 15 13
721 3 3 6 3 2 6 9 0 13 11 15 16 13
722 3 3 6 3 2 6 9 0 13 12 14 16 13
723 3 3 6 3 2 6 9 0 13 12 14 16 13
724 3 3 6 3 2 6 9 0 13 12 14 16 13
725 3 3 6 3 2 6 9 0 13 12 14 16 13
726 3 3 6 3 2 6 9 0 13 12 14 16 13
727 3 3 6 3 2 6 9 0 13 11 15 16 13
728 3 3 6 3 2 6 9 0 13 11 15 16 13
729 3 3 6 3 2 6 9 0 13 11 15 16 13
730 3 3 6 3 2 6 9 0 13 11 15 16 13
731 3 3 6 3 2 6 9 0 13 12 14 16 13
732 3 3 6 3 2 6 9 0 13 12 14 16 13
733 3 3 6 3 2 6 9 0 13 12 14 16 13
734 3 3 6 3 2 6 9 0 13 12 14 16 13
735 3 3 6 3 2 6 9 0 13 12 14 16 13
736 3 3 6 3 2 6 9 0 13 12 14 16 13
737 3 3 6 3 2 6 9 0 13 12 14 16 13
738 3 3 6 3 2 6 9 0 13 11 14 17 13
739 3 3 6 3 2 6 9 0 13 11 14 17 13
740 3 3 6 3 2 6 9 0 13 11 14 17 13
741 3 3 6 3 2 6 9 0 13 10 15 17 13
742 3 3 6 3 2 6 9 0 13 10 15 17 13
743 3 3 6 3 2 6 9 0 13 10 15 16 14
744 3 3 6 3 2 6 9 0 13 10 15 16 14
745 3 3 6 3 2 6 9 0 13 10 15 16 14
746 3 3 6 3 2 6 9 0 13 10 15 16 14
747 3 3 6 3 2 6 9 0 13 10 15 16 14
748 3 3 6 3 2 6 9 0 13 10 15 16 14
749 3 3 6 3 2 6 9 0 13 10 15 16 14
750 3 3 6 3 2 6 9 0 13 10 15 16 14
751 3 3 6 3 2 6 9 0 13 10 15 16 14
752 3 3 6 3 2 6 9 0 13 10 15 16 14
753 3 3 6 3 2 6 9 0 13 10 15 16 14
754 3 3 6 3 2 6 9 0 13 10 15 16 14
755 3 3 6 3 2 6 9 0 13 10 15 16 14
756 3 3 6 3 2 6 9 0 13 10 15 16 14
757 3 3 6 3 2 6 9 0 13 10 15 16 14
758 3 3 6 3 2 6 9 0 13 10 15 16 14
759 3 3 6 3 2 6 9 0 13 10 15 16 14
760 3 3 6 3 2 6 9 0 13 10 15 16 14
761 3 3 6 3 2 6 9 0 13 10 15 16 14
762 3 3 6 3 2 6 9 0 13 10 15 16 14
763 3 3 6 3 2 6 9 0 13 10 15 16 14
764 3 3 6 3 2 6 9 0 13 10 15 16 14
765 3 3 6 3 2 6 9 0 13 10 15 16 14
766 3 3 6 3 2 6 9 0 13 10 15 16 14
767 3 3 6 3 2 6 9 0 13 10 15 16 14
768 3 3 6 3 2 6 9 0 13 10 15 16 14
769 3 3 6 3 2 6 9 0 13 10 15 16 14
770 3 3 6 3 2 6 9 0 13 10 15 16 14
771 3 3 6 3 2 6 9 0 13 10 15 16 14
772 3 3 6 3 2 6 9 0 13 10 15 16 14
773 3 3 6 3 2 6 9 0 13 10 15 16 14
774 3 3 6 3 2 6 9 0 13 10 15 16 14
775 3 3 6 3 2 6 9 0 13 10 15 16 14
776 3 3 6 3 2 6 9 0 13 10 15 16 14
777 3 3 6 3 2 6 9 0 13 10 15 16 14
778 3 3 6 3 2 6 9 0 13 10 15 16 14
779 3 3 6 3 2 6 9 0 13 10 15 17 13
780 3 3 6 3 2 6 9 0 13 10 15 17 13
781 3 3 6 3 2 6 9 0 13 10 15 17 13
782 3 3 6 3 2 6 9 0 13 10 15 17 13
783 3 3 6 3 2 6 9 0 13 10 15 17 13
784 3 3 6 3 2 6 9 0 13 10 14 16 15
785 3 3 6 3 2 6 9 0 13 10 14 16 15
786 3 3 6 3 2 6 9 0 13 10 14 16 15
787 3 3 6 3 2 6 9 0 13 10 14 16 15
788 3 3 6 3 2 6 9 0 13 10 14 16 15
789 3 3 6 3 2 6 9 0 13 10 14 16 15
790 3 3 6 3 2 6 9 0 13 10 14 16 15
791 3 3 6 3 2 6 9 0 13 10 14 16 15
792 3 3 6 3 2 6 9 0 13 10 14 16 15
793 3 3 6 3 2 6 9 0 13 10 14 16 15
794 3 3 6 3 2 6 9 0 13 10 14 16 15
795 3 3 6 3 2 6 9 0 13 10 14 16 15
796 3 3 6 3 2 6 9 0 13 10 14 16 15
797 3 3 6 3 2 6 9 0 13 10 14 16 15
798 3 3 6 3 2 6 9 0 13 10 14 16 15
799 3 3 6 3 2 6 8 0 13 12 13 16 15
800 3 3 6 3 2 6 8 0 13 12 13 16 15
801 3 3 6 3 2 6 8 0 13 12 13 16 15
802 3 3 6 3 2 6 8 0 13 11 14 16 15
803 3 3 6 3 2 6 8 0 13 11 14 16 15
804 3 3 6 3 2 6 8 0 13 11 14 15 16
805 3 3 6 3 2 6 8 0 13 11 14 15 16
