timeStep areaDensityCounting-PID5 areaDensityCounting-PID6 areaDensityCounting-PID7 areaDensityCounting-PID8 areaDensityCounting-PID9 areaDensityCounting-PID10 areaDensityCounting-PID11 areaDensityCounting-PID12 areaDensityCounting-PID13 areaDensityCounting-PID14 areaDensityCounting-PID15 areaDensityCounting-PID16 areaDensityCounting-PID17
1 0 0 10 0 10 6 0 0 10 0 10 0 6
2 0 0 10 0 10 6 0 0 10 1 9 0 6
3 1 3 7 2 15 10 2 0 14 5 5 0 10
4 1 4 6 4 16 11 5 0 16 4 4 1 11
5 3 4 6 6 14 12 7 0 14 5 3 4 12
6 3 5 7 7 13 13 7 2 13 5 3 5 13
7 5 5 8 8 12 12 9 1 12 6 2 6 14
8 6 5 8 8 12 10 10 1 10 5 3 7 13
9 7 5 9 6 14 9 8 1 11 7 2 7 13
10 7 5 9 6 14 9 7 1 12 6 3 7 13
11 7 5 9 8 12 9 7 1 12 6 3 7 13
12 6 5 9 8 12 10 9 1 11 5 3 7 13
13 7 5 9 8 12 9 10 1 10 5 3 6 14
14 6 5 9 8 12 10 9 1 10 5 3 6 14
15 6 6 8 8 12 10 9 1 11 5 3 7 13
16 5 6 9 8 12 10 9 1 12 5 2 8 12
17 5 6 9 8 12 9 8 2 12 5 2 7 13
18 5 6 9 8 12 9 9 2 11 5 2 7 13
19 6 7 9 8 12 8 10 1 11 6 2 6 14
20 6 6 10 8 12 8 11 1 11 5 2 7 13
21 6 6 10 8 12 8 11 1 11 4 3 7 13
22 6 5 11 8 12 8 9 1 12 4 4 8 12
23 5 5 11 8 12 9 10 1 11 4 4 8 12
24 5 5 11 8 12 9 9 2 11 4 4 8 12
25 5 5 11 8 12 9 11 1 10 3 5 7 13
26 5 5 11 8 12 9 11 1 10 3 5 7 13
27 5 5 11 8 12 9 10 1 11 3 5 7 13
28 5 5 11 8 12 9 10 1 11 3 5 8 12
29 5 5 11 8 12 9 11 0 11 5 3 8 12
30 5 5 11 8 12 9 11 1 10 5 3 8 12
31 5 5 11 8 12 9 11 1 10 5 3 8 12
32 5 5 11 8 12 9 11 1 10 5 3 9 11
33 5 5 11 8 12 8 11 1 10 4 4 9 11
34 5 6 10 8 12 8 9 1 11 5 4 10 10
35 5 7 10 8 12 8 9 1 11 5 4 9 11
36 4 7 10 7 13 9 10 1 10 5 4 9 11
37 5 7 10 8 13 8 9 1 10 6 4 7 12
38 4 7 10 8 13 9 8 1 11 6 4 7 12
39 4 7 10 7 13 9 9 1 11 6 4 6 13
40 4 7 10 7 13 9 10 1 10 5 4 8 12
41 4 7 10 7 13 9 10 1 10 6 3 8 12
42 4 7 10 7 13 9 11 1 9 5 4 8 12
43 4 7 10 8 12 9 9 1 11 4 4 9 12
44 4 6 11 8 12 9 11 1 9 4 4 9 12
45 4 8 9 8 12 9 11 1 9 4 4 9 12
46 4 7 8 7 14 9 10 1 10 4 4 9 12
47 5 5 10 7 14 9 10 1 10 4 4 9 12
48 4 5 10 7 14 9 11 1 9 4 4 8 13
49 4 5 10 7 14 9 10 1 10 4 4 8 13
50 5 6 10 7 14 8 9 1 11 5 3 10 11
51 5 7 9 6 15 8 12 1 8 5 3 11 10
52 4 8 8 6 15 9 11 1 9 5 3 10 11
53 4 7 9 6 15 9 12 2 7 5 3 9 12
54 4 7 9 6 15 9 12 2 7 5 3 7 14
55 4 7 9 7 15 9 11 1 8 5 4 8 12
56 4 7 9 7 15 9 10 1 9 5 4 9 11
57 4 7 8 8 14 9 9 1 10 6 3 10 10
58 4 7 8 8 14 9 10 1 9 6 3 9 11
59 4 7 8 8 14 9 9 1 9 7 3 9 11
60 4 7 8 8 14 9 10 1 8 6 4 9 11
61 4 7 8 8 14 9 11 1 8 5 4 10 10
62 4 7 8 9 14 9 10 1 9 5 3 10 11
63 4 7 8 9 14 9 10 1 9 5 3 11 10
64 4 7 8 9 14 9 10 1 9 4 4 11 10
65 4 7 8 8 14 9 10 1 10 4 4 11 10
66 4 7 9 8 14 8 10 1 10 4 4 11 10
67 5 7 10 7 14 7 10 1 10 5 4 11 9
68 5 8 8 7 15 7 8 1 12 5 4 10 10
69 5 8 8 7 15 7 9 0 12 4 6 10 9
70 5 8 8 8 14 7 8 1 12 5 4 9 11
71 5 8 8 8 14 7 8 1 12 5 4 10 10
72 5 8 8 8 14 7 8 1 12 4 5 9 11
73 5 7 9 9 12 7 9 1 12 5 4 9 11
74 5 7 9 8 13 7 9 1 12 6 3 10 10
75 5 8 8 7 14 7 8 1 13 5 4 9 11
76 4 9 8 7 14 7 8 1 13 3 5 9 12
77 4 8 9 8 13 7 7 1 14 4 5 8 12
78 4 8 9 7 14 7 9 1 12 5 4 8 12
79 5 8 7 7 14 7 9 1 11 5 5 9 11
80 5 7 8 7 14 7 9 1 11 5 5 12 8
81 5 7 7 7 14 8 9 1 11 6 5 9 10
82 5 7 7 8 13 8 10 1 10 5 6 11 8
83 5 7 7 8 13 8 10 1 11 6 4 10 9
84 5 7 7 8 13 8 11 1 9 6 5 9 10
85 5 7 7 8 13 8 11 1 9 5 6 9 10
86 5 7 7 8 13 8 11 1 9 6 4 10 10
87 5 7 7 8 13 8 10 1 10 5 5 11 9
88 5 7 7 8 13 8 8 1 11 6 5 12 8
89 5 7 7 8 13 8 9 1 10 6 7 10 8
90 5 7 7 8 13 8 9 1 11 7 5 9 9
91 5 7 7 8 13 8 9 1 11 7 5 10 8
92 5 7 7 9 12 8 9 1 11 7 6 9 8
93 5 7 7 9 12 8 10 1 10 7 6 10 7
94 5 7 7 9 12 8 10 1 9 7 7 11 6
95 5 7 7 9 12 8 10 1 9 9 5 9 8
96 5 7 7 9 12 8 10 1 10 8 5 8 9
97 5 7 7 9 12 8 10 1 9 8 6 11 6
98 5 7 7 9 12 8 10 1 10 9 4 11 6
99 5 7 7 9 12 8 8 1 11 9 6 9 7
100 5 7 7 9 12 8 8 1 11 9 6 8 8
101 5 7 7 9 12 8 9 1 10 8 7 9 7
102 5 7 7 10 12 8 8 1 10 10 6 9 7
103 5 7 7 10 12 8 7 1 12 8 7 9 7
104 5 7 7 10 12 8 10 1 10 7 7 11 5
105 5 6 8 11 11 8 9 1 10 10 6 10 5
106 6 7 7 10 12 7 9 1 10 8 8 10 5
107 6 5 10 9 13 6 9 1 10 8 7 10 6
108 5 8 6 9 14 7 10 1 10 7 8 10 5
109 4 10 6 8 14 7 11 1 9 8 7 9 6
110 3 8 5 9 14 8 10 1 9 8 7 10 6
111 3 8 5 8 15 8 10 1 10 6 9 10 5
112 3 8 4 9 15 8 11 1 9 6 9 11 4
113 4 6 7 9 15 7 10 1 10 7 8 10 5
114 3 8 6 9 15 7 10 1 10 6 8 10 6
115 4 5 8 9 14 7 10 1 10 6 8 10 6
116 4 6 8 9 14 7 11 1 9 6 8 11 5
117 4 6 8 9 14 7 10 1 10 7 7 11 5
118 4 6 8 9 14 7 9 1 10 8 8 12 3
119 3 7 8 9 13 7 8 1 12 8 7 10 6
120 3 7 8 9 13 7 10 1 11 7 7 10 6
121 3 7 8 9 13 7 10 1 10 8 8 10 5
122 4 7 8 8 14 6 9 1 11 7 9 11 4
123 4 6 9 7 15 6 9 1 11 8 8 11 4
124 4 6 8 7 15 7 9 1 11 7 9 11 4
125 4 6 8 7 15 7 11 1 9 7 9 11 4
126 4 6 7 7 16 7 11 1 10 7 8 10 5
127 3 6 7 7 16 8 11 1 10 7 8 10 5
128 4 6 7 7 16 7 10 1 10 7 9 10 5
129 4 6 7 7 16 7 9 1 11 7 9 10 5
130 4 6 7 7 16 7 10 1 10 7 9 11 4
131 4 7 7 7 15 7 10 1 11 6 9 11 4
132 4 7 7 8 14 7 10 1 11 7 8 10 5
133 4 6 7 8 15 7 11 1 10 8 6 11 5
134 4 6 7 8 14 7 10 1 10 9 6 11 5
135 4 6 7 8 14 7 10 1 11 10 6 9 5
136 4 6 7 8 14 7 9 1 11 8 9 9 5
137 4 5 8 8 14 7 9 1 11 8 10 10 3
138 4 5 7 8 15 7 9 1 11 9 9 10 3
139 4 5 7 8 15 7 9 1 11 8 9 10 4
140 3 6 7 8 15 7 9 1 11 8 9 9 5
141 4 6 7 8 15 6 8 1 12 8 9 9 5
142 4 6 7 9 14 6 9 1 12 8 8 9 5
143 4 5 6 10 14 6 10 1 11 8 8 9 5
144 4 6 6 10 14 6 8 1 12 9 8 10 4
145 4 5 7 10 14 6 7 1 13 9 8 10 4
146 4 5 7 10 14 6 8 1 13 7 9 9 5
147 4 5 7 10 14 6 9 1 12 7 8 10 5
148 4 5 7 10 14 6 8 1 13 7 8 10 5
149 4 5 7 10 14 6 9 1 12 6 9 10 5
150 4 5 7 10 14 6 8 1 13 6 9 10 5
151 4 5 7 11 13 6 9 1 11 6 10 10 5
152 4 6 7 12 12 6 8 1 12 7 10 10 4
153 4 6 7 11 13 6 8 1 12 6 10 10 5
154 4 6 7 11 13 6 8 1 12 6 10 11 4
155 4 6 7 11 13 6 9 1 12 5 10 11 4
156 4 5 8 11 13 6 8 1 12 7 9 11 4
157 4 5 8 10 14 6 8 1 11 8 8 11 5
158 4 6 6 10 15 6 8 1 11 8 8 11 5
159 4 6 6 11 14 6 8 1 11 8 8 12 4
160 4 6 6 12 14 6 10 0 11 8 8 11 4
161 4 6 5 11 15 6 8 1 12 8 8 10 5
162 4 6 5 11 16 6 8 1 12 8 8 11 4
163 4 6 5 11 16 6 8 1 11 8 9 11 4
164 4 6 5 11 16 6 8 1 12 8 8 11 4
165 4 6 5 11 16 6 8 1 12 8 7 11 5
166 4 6 5 11 16 6 8 1 12 8 8 11 4
167 4 6 5 10 16 6 10 1 11 8 8 11 4
168 4 6 5 10 16 6 9 1 12 8 7 11 5
169 5 6 5 10 16 5 9 1 12 8 7 11 5
170 4 7 5 10 16 5 9 1 12 8 8 11 4
171 4 6 5 11 15 5 9 1 12 8 8 11 4
172 3 7 5 11 14 5 8 1 12 7 9 10 6
173 3 7 5 11 14 5 9 1 11 8 8 9 7
174 3 5 6 11 14 5 9 1 11 8 9 10 5
175 3 5 6 11 14 5 8 1 11 7 11 11 4
176 3 5 6 11 14 5 8 1 11 8 12 11 2
177 3 5 5 12 14 5 8 1 11 9 11 10 3
178 3 5 5 12 14 5 9 1 10 9 11 10 3
179 3 5 5 12 14 5 9 1 10 9 11 9 4
180 3 4 6 11 15 5 8 1 10 9 11 10 4
181 3 4 6 11 15 5 9 1 10 8 12 10 3
182 3 4 6 11 15 5 9 1 10 8 12 10 3
183 3 4 6 11 15 5 8 1 11 8 12 9 4
184 3 4 6 11 15 5 9 1 10 9 11 9 4
185 3 4 6 12 14 5 8 1 11 9 12 8 4
186 3 4 6 12 14 5 7 1 11 10 12 8 4
187 3 4 7 12 14 5 8 1 11 10 11 7 5
188 3 4 7 11 15 5 8 1 11 10 11 8 4
189 3 3 7 12 15 5 8 1 11 10 11 8 4
190 3 3 7 12 15 5 8 1 11 10 11 7 5
191 3 3 7 12 15 5 8 1 11 11 11 8 3
192 3 3 7 12 15 5 8 1 11 12 10 8 3
193 3 3 7 13 14 5 8 1 11 12 10 7 4
194 3 3 7 13 14 5 9 1 11 11 11 7 3
195 3 3 7 12 15 5 9 1 11 11 11 7 3
196 3 4 6 12 15 5 8 1 12 10 11 7 4
197 3 4 6 12 15 5 9 1 11 11 10 6 5
198 3 4 6 12 15 5 8 1 13 10 10 6 5
199 3 4 6 12 15 5 8 1 13 10 11 7 3
200 3 4 6 11 16 5 10 1 11 10 11 7 3
201 3 4 6 12 15 5 8 1 13 11 10 7 3
202 3 5 6 13 14 5 7 1 14 11 10 7 3
203 3 5 5 13 14 6 7 1 14 11 10 7 3
204 3 5 5 12 15 6 8 1 15 10 10 7 3
205 3 5 5 13 14 6 7 1 15 11 10 7 3
206 3 4 6 13 14 6 8 1 14 12 9 6 4
207 3 4 6 12 15 6 9 1 13 12 10 6 3
208 3 5 5 12 15 6 9 1 13 12 10 6 3
209 3 4 6 11 16 6 9 1 13 12 10 6 3
210 3 4 6 11 16 6 10 1 12 12 10 5 4
211 3 4 6 10 16 6 11 2 11 12 11 6 2
212 3 4 6 10 16 6 11 1 12 11 11 6 3
213 3 4 5 10 17 6 10 1 13 11 12 5 3
214 3 4 5 10 17 6 10 1 13 11 12 5 3
215 3 4 5 10 17 6 8 1 14 11 13 5 3
216 3 3 6 11 16 6 9 1 13 11 13 5 3
217 3 3 6 11 16 6 9 1 12 12 13 5 3
218 3 3 6 11 15 6 10 1 12 11 13 6 3
219 3 3 6 11 16 6 9 0 12 12 13 6 3
220 3 3 6 11 16 6 9 0 13 12 12 6 3
221 3 3 6 10 16 6 9 1 13 12 12 6 3
222 3 4 5 10 15 6 10 1 12 13 12 6 3
223 3 4 5 10 16 6 10 0 12 14 11 6 3
224 3 4 5 10 16 6 10 0 13 13 11 6 3
225 3 4 5 10 16 6 9 1 13 12 11 7 3
226 3 4 5 10 16 6 9 1 13 13 11 6 3
227 3 4 5 10 16 6 9 1 13 12 12 6 3
228 3 4 5 10 16 6 9 1 13 12 11 6 4
229 3 4 5 10 16 6 9 1 13 11 12 6 4
230 3 4 5 10 16 6 9 1 13 11 12 7 3
231 3 4 5 10 16 6 9 1 13 11 12 7 3
232 3 4 5 10 16 6 10 1 13 11 11 6 4
233 3 4 5 10 16 6 10 1 13 11 11 6 4
234 3 4 5 11 15 6 10 1 13 11 11 7 3
235 3 4 5 12 14 6 9 1 13 12 11 7 3
236 3 4 5 11 15 6 8 1 14 13 10 7 3
237 3 4 5 11 15 6 8 1 14 13 10 6 4
238 3 4 5 11 15 6 8 1 14 13 10 7 3
239 3 4 5 11 15 6 8 1 14 12 11 7 3
240 3 4 5 11 15 6 8 1 14 12 11 7 3
241 3 4 5 10 16 6 8 1 14 12 11 7 3
242 3 4 5 10 16 6 8 1 14 12 11 7 3
243 3 4 5 9 17 6 8 1 14 12 11 7 3
244 3 4 5 9 17 6 8 1 14 12 11 7 3
245 3 4 5 10 16 6 8 1 14 11 12 7 3
246 3 4 5 10 16 6 9 1 13 11 12 7 3
247 3 4 5 8 17 6 9 1 13 12 12 7 3
248 3 5 4 8 17 6 8 1 13 12 13 6 4
249 3 5 4 9 16 6 9 1 13 11 13 6 4
250 3 4 4 11 15 6 9 1 13 11 13 6 4
251 3 4 4 10 16 6 10 1 13 10 13 6 4
252 3 4 5 10 15 6 12 1 11 10 13 6 4
253 3 4 5 10 15 6 9 1 13 11 13 6 4
254 3 4 5 10 15 6 9 1 13 11 13 6 4
255 3 4 5 10 15 6 7 1 14 12 13 6 4
256 3 4 5 9 16 6 9 1 12 12 13 6 4
257 3 4 5 11 13 6 11 1 11 11 13 6 4
258 3 4 5 11 13 6 11 1 11 11 13 6 4
259 3 3 6 12 12 6 11 1 11 10 14 6 4
