timeStep areaDensityCounting-PID5 areaDensityCounting-PID6 areaDensityCounting-PID7 areaDensityCounting-PID8 areaDensityCounting-PID9 areaDensityCounting-PID10 areaDensityCounting-PID11 areaDensityCounting-PID12 areaDensityCounting-PID13 areaDensityCounting-PID14 areaDensityCounting-PID15 areaDensityCounting-PID16 areaDensityCounting-PID17
1 0 0 10 0 10 6 0 0 10 0 10 0 6
2 0 0 10 0 10 6 0 0 10 0 10 0 6
3 1 3 7 3 14 11 3 0 13 3 7 1 11
4 1 3 7 3 17 11 3 0 17 3 7 1 11
5 3 3 7 6 14 12 6 0 14 5 5 4 13
6 4 4 7 7 13 13 8 0 14 4 4 4 14
7 4 5 7 7 13 14 8 1 13 4 4 7 13
8 5 5 7 7 13 13 8 1 14 4 3 7 13
9 7 5 7 7 13 11 8 1 14 4 3 7 13
10 6 5 9 7 13 10 9 1 13 4 3 7 13
11 5 5 10 7 13 10 9 1 13 4 3 7 13
12 5 6 9 8 12 10 8 1 13 5 3 7 13
13 7 6 9 8 12 8 8 1 13 5 3 7 13
14 7 7 8 8 12 8 9 1 12 5 3 7 13
15 6 7 8 8 12 9 8 1 13 4 4 7 13
16 6 7 8 8 12 9 8 1 13 5 3 7 13
17 7 6 9 7 13 8 9 1 12 5 3 7 13
18 6 6 10 8 12 8 10 1 11 5 3 6 14
19 5 6 10 8 12 9 10 1 10 5 3 7 13
20 6 6 10 8 12 8 10 1 10 4 4 7 13
21 6 6 10 8 12 8 10 1 11 4 3 7 13
22 6 6 10 8 12 8 10 1 11 4 3 8 12
23 6 6 10 8 12 8 8 1 12 5 3 8 12
24 6 6 10 8 12 8 8 1 12 4 4 8 12
25 6 5 11 7 13 8 9 1 11 5 3 8 12
26 7 5 11 7 13 7 9 1 11 5 3 8 12
27 7 5 11 7 14 7 9 1 10 5 3 8 12
28 7 5 11 7 14 7 9 1 10 5 3 8 12
29 6 7 9 7 14 8 10 0 10 4 4 7 13
30 7 7 9 7 14 7 10 0 10 4 5 7 12
31 7 7 9 7 14 7 10 0 11 4 4 8 12
32 7 6 10 7 14 7 10 0 11 4 4 8 12
33 7 5 11 7 14 7 9 0 12 4 4 8 12
34 6 5 11 7 14 8 10 0 11 3 5 7 13
35 6 5 11 7 14 8 10 0 11 3 5 9 11
36 6 5 11 8 12 8 9 1 12 3 5 9 11
37 6 5 11 8 12 8 10 1 10 4 5 9 11
38 6 5 11 8 12 8 10 1 10 3 6 8 12
39 6 5 11 8 12 8 10 1 10 3 7 8 11
40 6 5 11 8 12 8 10 1 11 2 7 8 11
41 6 5 11 8 12 8 11 1 10 2 7 8 11
42 6 5 11 8 12 8 11 1 9 3 6 7 13
43 6 5 11 8 12 8 11 1 9 3 6 7 13
44 6 5 11 8 12 8 10 1 10 3 6 8 12
45 6 5 11 8 12 8 8 1 12 4 5 8 12
46 6 5 11 8 12 8 7 1 13 4 5 8 12
47 6 5 11 8 12 8 7 1 13 5 4 9 11
48 6 5 11 8 12 8 8 1 12 5 4 9 11
49 6 5 11 8 12 8 9 1 11 5 4 9 11
50 6 5 11 8 12 8 9 1 11 4 5 9 11
51 6 5 11 8 12 8 8 1 12 5 4 8 12
52 6 5 11 8 12 8 7 1 12 5 5 8 12
53 6 5 11 8 12 8 6 1 13 5 5 9 11
54 6 5 11 8 12 8 8 1 11 5 5 9 11
55 6 5 11 8 12 8 8 1 11 5 5 9 11
56 6 5 11 8 12 8 8 1 11 5 4 8 13
57 6 6 10 8 12 8 8 1 11 5 4 9 12
58 6 6 10 8 12 8 8 1 11 5 4 10 11
59 6 6 10 8 12 8 8 1 11 5 4 10 11
60 6 6 10 8 12 8 10 1 10 4 4 10 11
61 6 7 9 8 12 8 11 1 9 4 4 10 11
62 6 6 10 8 12 8 10 1 10 4 4 8 13
63 6 8 8 8 12 8 11 1 9 4 4 9 12
64 5 8 9 8 12 8 12 1 8 4 5 9 11
65 5 8 9 8 12 8 12 1 8 3 6 9 11
66 5 8 9 8 12 8 12 1 8 3 6 9 11
67 5 8 9 8 12 8 12 1 8 3 6 9 11
68 5 8 9 8 12 8 12 1 8 4 4 9 12
69 5 8 9 8 12 8 11 1 9 4 4 7 14
70 5 8 9 8 12 8 11 1 9 4 4 7 14
71 5 8 9 8 12 8 10 1 10 4 4 8 13
72 5 7 10 8 12 7 11 1 9 3 5 8 13
73 5 7 10 9 11 7 11 1 9 3 5 7 14
74 5 8 10 9 11 7 11 1 9 3 4 9 13
75 5 7 10 9 11 8 10 1 10 3 4 10 12
76 5 7 10 8 12 8 11 1 9 3 5 11 10
77 5 7 10 8 12 8 11 0 10 4 4 10 11
78 5 7 10 8 12 8 10 1 10 4 4 10 11
79 5 7 10 8 12 8 11 1 9 4 4 8 13
80 5 7 10 8 12 8 11 1 9 4 4 8 13
81 5 7 10 8 12 8 8 1 12 4 4 8 13
82 5 7 10 8 12 8 8 1 12 4 4 9 12
83 5 7 10 8 12 8 8 1 12 3 5 9 12
84 5 7 10 8 12 8 8 1 12 3 5 9 12
85 5 7 10 8 12 8 9 1 11 3 5 10 11
86 5 7 10 8 12 8 9 1 11 3 5 10 11
87 5 7 10 8 12 8 10 1 10 3 5 9 12
88 5 7 10 8 12 8 8 1 12 3 5 10 11
89 5 7 10 8 12 8 9 1 11 3 5 11 10
90 5 7 10 8 12 8 10 1 10 3 5 10 11
91 5 6 11 8 12 8 10 1 9 4 5 10 11
92 5 6 11 8 12 8 8 1 11 4 5 10 11
93 5 6 11 8 12 8 8 1 11 4 5 11 10
94 5 6 11 8 12 8 9 1 10 4 5 9 12
95 5 6 11 8 12 8 10 1 8 4 6 9 12
96 5 6 11 7 13 8 9 1 9 4 6 10 11
97 5 6 11 7 13 8 10 1 9 4 5 9 12
98 5 6 11 7 13 8 10 1 9 4 5 9 12
99 5 6 11 7 13 8 10 1 9 4 5 10 11
100 5 6 11 7 13 8 7 1 11 5 5 10 11
101 5 6 11 7 13 8 7 1 11 5 5 10 11
102 5 6 11 7 13 8 8 1 11 4 5 10 11
103 5 6 11 7 13 8 8 1 11 4 5 11 10
104 5 6 11 7 13 8 8 1 10 5 5 10 11
105 5 6 11 7 13 8 8 1 10 5 5 10 11
106 5 6 11 7 13 8 9 1 9 5 5 10 11
107 5 6 11 7 13 8 8 1 10 5 5 9 12
108 5 6 11 7 13 8 7 1 11 5 5 10 11
109 5 6 11 7 13 8 7 1 11 5 5 10 11
110 5 6 11 7 13 8 7 1 11 5 5 10 11
111 5 6 11 7 13 8 7 1 11 5 5 10 11
112 5 6 11 7 13 8 7 1 11 4 7 10 10
113 5 6 11 7 13 8 7 1 10 6 6 11 9
114 5 6 11 7 13 8 6 1 11 6 6 11 9
115 5 6 11 7 13 8 6 1 11 5 7 10 10
116 5 6 11 7 13 8 7 1 11 3 7 10 11
117 5 6 11 7 13 8 7 1 10 4 7 10 11
118 5 6 11 7 13 8 8 1 10 4 6 9 12
119 5 6 11 7 13 8 8 1 10 4 6 9 12
120 5 6 11 7 13 8 8 1 10 4 6 9 12
121 5 6 11 7 13 8 8 1 10 3 7 9 12
122 5 6 11 7 13 8 8 1 10 3 7 10 11
123 5 6 11 7 13 8 8 1 10 2 7 10 12
124 5 6 11 7 13 8 8 1 10 2 7 10 12
125 5 7 11 7 13 7 7 1 11 2 7 10 12
126 5 7 10 7 13 8 7 1 11 3 6 10 12
127 4 5 11 7 13 9 9 1 9 4 6 9 12
128 5 6 10 7 13 8 6 1 11 4 7 9 12
129 5 6 10 7 13 8 6 1 11 3 8 9 12
130 5 7 9 7 13 8 8 1 9 3 8 9 12
131 5 6 9 8 13 8 9 0 9 4 7 9 12
132 5 7 8 8 13 8 7 0 10 5 7 9 12
133 5 7 8 8 13 8 7 0 10 7 5 10 11
134 5 7 8 6 14 8 8 1 9 6 6 10 11
135 5 7 8 7 13 8 9 1 8 6 6 10 11
136 5 7 8 7 13 8 8 1 9 5 7 11 10
137 5 7 8 7 13 8 8 1 9 5 7 11 10
138 5 7 8 7 13 8 7 1 9 6 7 11 10
139 5 7 8 6 14 8 7 1 10 6 6 10 11
140 5 7 8 6 14 8 7 1 10 5 7 10 11
141 4 7 9 6 14 8 7 1 10 6 6 10 11
142 4 7 9 6 14 8 7 1 11 5 6 10 11
143 4 8 8 7 13 8 7 1 11 5 6 10 11
144 4 7 8 8 13 8 8 1 10 5 6 10 11
145 4 7 8 8 13 8 9 1 9 5 6 11 10
146 4 7 8 8 13 8 8 1 10 5 6 11 10
147 4 7 8 8 13 8 7 1 10 6 6 11 10
148 4 7 8 8 13 8 6 1 11 6 6 10 11
149 4 7 8 8 13 8 6 1 11 6 6 10 11
150 4 6 9 8 13 8 6 1 11 6 6 10 11
151 4 6 9 8 13 8 6 1 11 6 6 11 10
152 5 5 10 8 13 7 6 1 11 6 6 11 10
153 4 5 10 8 13 8 7 1 10 6 6 10 11
154 4 5 10 8 13 8 6 1 11 6 6 10 11
155 4 6 10 8 13 8 6 1 10 6 7 11 10
156 4 6 10 8 13 8 7 1 9 6 7 12 9
157 4 6 10 8 13 8 7 1 9 6 7 12 9
158 4 6 10 8 13 8 8 1 8 6 7 11 10
159 4 6 10 8 13 8 6 1 10 6 7 11 10
160 4 6 10 8 13 8 6 1 10 6 7 11 10
161 4 7 9 8 13 8 5 1 11 6 7 12 9
162 4 7 9 8 13 8 6 1 10 6 7 10 11
163 4 7 9 8 13 8 6 1 10 6 7 10 11
164 4 7 9 8 13 8 7 1 9 6 7 10 11
165 4 7 9 8 13 8 6 1 10 6 7 11 10
166 4 7 9 8 13 8 6 1 10 6 7 11 10
167 4 7 9 8 13 8 7 1 9 6 7 11 10
168 4 7 9 8 13 8 6 1 10 6 7 12 9
169 4 7 9 8 13 8 6 1 10 7 7 12 8
170 4 7 9 8 13 8 5 1 11 7 7 12 8
171 4 7 9 7 13 8 5 1 11 7 7 13 7
172 4 7 9 7 13 8 6 1 10 6 9 12 7
173 4 7 9 7 13 8 7 1 10 5 8 12 8
174 4 7 9 8 12 8 6 1 10 7 8 11 8
175 4 7 9 8 12 8 6 1 10 7 8 11 8
176 4 7 9 8 12 8 6 1 10 7 8 12 7
177 4 7 9 8 12 8 6 1 10 7 8 12 7
178 4 7 9 8 12 8 6 1 10 6 9 13 6
179 4 7 9 8 12 8 6 1 10 6 9 13 6
180 4 7 9 8 12 8 6 1 10 7 8 12 7
181 4 7 9 8 12 8 5 1 11 8 8 12 6
182 4 7 9 8 12 8 5 1 11 8 8 13 5
183 4 8 9 8 12 7 6 1 10 7 9 13 5
184 4 8 9 8 12 7 6 1 10 8 8 12 6
185 4 8 8 8 12 8 6 1 10 7 9 13 5
186 4 8 8 8 12 8 6 1 10 8 8 13 5
187 4 8 8 8 12 8 6 1 10 7 9 13 5
188 4 8 8 8 12 8 6 1 10 6 10 11 7
189 4 8 8 8 12 8 6 1 10 7 9 11 7
190 4 7 9 8 12 8 6 1 10 7 9 11 7
191 4 7 9 8 13 8 6 1 10 7 9 13 5
192 4 7 8 8 13 8 6 1 11 7 8 13 5
193 4 7 8 8 13 8 7 1 11 7 8 12 5
194 4 8 7 9 13 8 7 1 10 7 9 11 6
195 4 8 7 8 14 8 7 1 10 7 9 10 7
196 4 8 7 8 14 8 6 1 10 8 9 11 6
197 4 7 8 8 14 8 7 1 10 9 8 11 5
198 4 7 8 9 13 8 7 1 10 9 8 11 5
199 4 7 8 9 13 8 8 1 10 8 8 10 6
200 4 7 8 9 13 8 8 1 10 8 8 10 6
201 4 7 8 9 13 8 8 1 10 7 9 10 6
202 4 7 8 9 13 8 8 1 10 6 10 11 5
203 4 7 8 9 13 8 8 1 10 7 9 11 5
204 4 7 8 9 13 8 8 1 10 7 10 11 4
205 4 7 8 9 13 8 8 1 10 8 9 11 4
206 4 7 8 9 13 8 9 1 10 7 9 11 4
207 4 7 8 9 13 8 8 1 11 8 9 10 4
208 5 7 8 9 13 7 8 1 11 8 9 10 4
209 4 8 8 9 13 7 8 1 11 7 11 10 3
210 3 9 7 9 13 8 8 1 11 7 10 9 5
211 3 9 7 9 13 8 8 1 11 7 10 9 5
212 3 8 8 9 13 8 9 1 11 7 10 9 4
213 3 8 8 9 13 8 9 1 11 7 10 9 4
214 3 8 8 9 13 8 8 1 12 8 9 9 4
215 3 9 7 9 13 8 8 1 12 8 10 9 3
216 3 8 8 9 13 8 8 1 12 8 10 9 3
217 3 7 9 9 13 8 9 1 11 9 9 9 3
218 3 7 9 9 13 8 8 1 12 10 8 8 4
219 3 7 9 9 13 8 8 1 12 10 8 9 3
220 3 7 9 9 13 8 8 1 12 10 7 9 4
221 3 6 10 9 13 8 8 1 12 10 8 9 3
222 3 7 9 9 13 8 9 1 12 9 8 8 4
223 3 7 9 9 13 8 9 1 12 9 8 8 4
224 3 8 7 10 12 8 9 1 12 9 8 10 2
225 3 8 7 9 13 8 9 1 12 10 7 10 2
226 3 7 8 8 14 8 9 1 12 10 7 10 2
227 3 7 9 8 14 8 8 1 13 10 7 10 2
228 3 7 9 8 14 8 9 1 13 8 8 10 2
229 3 7 8 9 14 8 10 1 12 8 8 10 2
230 3 6 9 10 13 8 11 0 12 8 8 10 2
231 3 6 8 10 14 8 11 0 12 8 8 10 2
232 3 6 8 10 14 8 11 0 12 8 8 10 2
233 3 7 6 10 15 8 10 1 12 8 8 9 3
234 3 6 6 10 16 8 10 1 12 8 8 9 3
235 3 7 7 9 15 8 9 1 12 9 8 9 3
236 3 7 6 9 16 8 9 1 12 9 8 10 2
237 3 7 6 10 15 8 10 1 12 8 8 9 3
238 3 7 6 10 15 8 9 1 13 8 8 9 3
239 3 7 6 10 15 8 9 1 13 7 9 9 3
240 3 7 6 10 15 8 9 1 13 7 10 9 2
241 3 7 6 10 15 8 8 1 13 9 9 8 3
242 3 7 6 10 15 8 10 1 11 9 9 8 3
243 3 7 6 10 15 8 10 1 11 9 9 8 3
244 3 7 6 10 15 8 9 1 12 8 10 8 3
245 3 7 6 10 15 8 10 1 11 8 10 8 3
246 3 7 6 10 15 8 10 1 10 10 9 8 3
247 3 7 6 10 15 8 10 1 10 10 9 8 3
248 3 7 6 10 15 8 10 1 10 10 9 8 3
249 3 7 6 10 15 8 9 1 11 11 8 8 3
250 3 7 6 10 15 8 9 1 11 10 8 9 3
251 3 7 6 10 15 8 9 1 12 8 9 9 3
252 3 7 6 10 15 8 8 1 12 8 10 9 3
253 3 7 6 10 15 8 7 1 13 8 10 9 3
254 3 7 6 10 15 8 8 1 12 9 9 9 3
255 3 7 6 10 15 8 9 1 11 9 9 9 3
256 3 7 6 11 14 8 9 1 11 9 9 9 3
257 3 7 6 11 14 8 8 1 12 9 9 9 3
258 3 7 6 11 14 8 8 1 12 9 9 9 3
259 3 8 5 11 14 8 8 1 12 9 9 9 3
260 3 8 5 11 14 8 8 1 12 10 9 8 3
261 3 8 5 11 14 8 8 1 12 10 9 8 3
262 3 7 6 11 14 8 9 1 11 10 9 8 3
263 3 7 6 11 14 8 8 1 11 11 10 8 2
264 3 7 6 11 14 8 8 1 11 11 9 8 3
265 3 7 6 11 14 8 8 1 10 11 9 8 4
266 3 7 6 11 14 8 8 1 10 11 10 8 3
267 3 7 6 12 13 8 8 1 10 10 11 8 3
268 3 7 6 12 13 8 8 1 11 10 10 8 3
269 3 7 6 11 14 8 7 1 12 11 9 8 3
270 3 7 6 11 14 8 7 1 12 10 10 8 3
271 3 7 6 11 14 8 9 1 10 9 11 8 3
272 3 7 6 11 14 8 9 1 10 9 11 8 3
273 3 7 6 11 14 8 9 1 10 8 12 8 3
274 3 7 6 11 14 8 9 1 10 8 12 8 3
275 3 6 7 11 14 8 9 1 10 8 12 8 3
276 3 6 7 10 14 8 8 1 12 8 12 8 3
277 3 6 7 11 13 8 8 1 11 9 12 8 3
278 3 6 7 11 13 8 7 1 13 9 11 8 3
279 3 6 7 11 13 8 7 1 13 9 11 8 3
280 3 6 7 11 14 8 8 0 12 9 11 8 3
281 3 6 7 11 13 8 8 1 11 9 12 8 3
282 3 6 7 10 14 8 8 1 11 10 11 8 3
283 3 6 7 10 14 8 8 1 11 10 11 8 3
284 3 6 7 10 14 8 7 1 13 10 10 8 3
285 3 6 7 10 14 8 7 1 12 11 10 8 3
286 3 6 7 11 13 8 8 1 11 10 11 8 3
287 3 6 7 11 13 8 8 1 11 10 11 8 3
288 3 6 7 11 13 8 8 1 11 10 11 8 3
289 3 6 7 12 12 8 6 1 13 10 11 8 3
290 3 6 7 11 13 8 6 1 13 10 11 8 3
291 3 6 7 11 13 8 7 1 11 10 12 8 3
292 3 6 7 11 13 8 7 1 12 10 11 8 3
293 3 6 7 11 13 8 7 1 12 11 10 8 3
294 3 6 7 11 13 8 7 0 13 11 10 8 3
295 3 6 7 11 12 8 6 1 13 11 11 8 3
296 3 6 6 11 13 8 7 1 12 11 11 8 3
297 3 5 7 11 13 8 7 0 14 11 10 8 3
298 3 5 7 12 12 8 6 1 14 11 10 8 3
299 3 7 6 11 12 8 7 1 13 10 11 8 3
300 3 6 6 10 14 8 7 1 13 11 10 8 3
301 3 6 5 10 15 8 7 1 13 10 11 8 3
302 3 6 5 11 14 8 7 1 13 10 11 8 3
303 3 6 5 13 12 8 7 1 13 11 10 8 3
304 3 6 5 13 12 8 8 1 13 10 10 8 3
305 3 6 6 13 11 8 8 1 13 9 11 8 3
306 3 6 5 12 13 8 8 1 13 10 10 8 3
307 3 6 5 12 13 8 8 1 13 10 10 8 3
308 3 6 5 12 13 8 8 1 13 10 10 8 3
309 3 6 5 11 14 8 8 1 13 10 10 8 3
310 3 6 5 11 14 8 8 1 13 10 10 8 3
311 3 6 5 11 14 8 8 1 13 11 9 8 3
312 3 6 5 11 14 8 7 1 14 10 9 9 3
313 3 6 5 11 14 8 7 1 14 10 9 9 3
314 3 6 5 11 14 8 7 1 14 10 9 9 3
315 3 6 5 11 14 8 7 1 14 9 9 9 4
316 3 6 5 11 14 8 7 1 14 9 9 9 4
317 3 6 5 11 14 8 7 1 14 10 8 8 5
318 3 6 5 11 14 8 7 1 14 10 8 9 4
319 3 6 5 11 14 8 7 1 14 10 9 9 3
320 3 6 5 11 14 8 8 1 13 10 9 9 3
321 3 6 5 11 14 8 8 1 13 10 9 9 3
322 3 6 5 12 13 8 8 1 13 10 9 9 3
323 3 6 5 12 13 8 7 1 13 11 9 9 3
324 3 6 5 12 13 8 6 1 14 11 9 9 3
325 3 6 5 12 13 8 6 1 14 11 9 9 3
326 3 6 5 12 13 8 7 1 13 11 9 9 3
327 3 5 6 12 13 8 7 1 13 11 9 9 3
328 3 5 6 12 13 8 8 1 12 11 9 10 2
329 3 5 6 12 13 8 8 1 12 10 10 10 2
330 3 5 6 12 13 8 8 1 12 11 9 10 2
331 3 5 6 12 13 8 8 1 12 11 9 9 3
332 3 5 6 11 14 8 8 1 12 11 9 9 3
333 3 5 6 11 14 8 8 1 12 11 9 9 3
334 3 5 6 11 14 8 7 1 13 11 9 9 3
335 3 5 6 11 14 8 7 1 13 11 9 9 3
336 3 5 6 11 14 8 7 1 13 11 9 9 3
337 3 5 6 11 14 8 7 1 13 11 9 9 3
338 3 5 6 11 14 8 7 1 13 11 9 9 3
339 3 5 6 11 14 8 6 1 13 12 9 9 3
340 3 5 6 10 15 8 6 1 13 12 9 9 3
341 3 5 6 10 15 8 5 1 14 12 9 9 3
342 3 5 6 10 15 8 5 1 14 12 9 9 3
343 3 5 6 10 15 8 6 1 13 12 9 9 3
344 3 5 6 10 15 8 6 1 13 12 9 9 3
345 3 5 6 10 15 8 6 1 13 11 10 9 3
346 3 5 6 11 14 8 6 1 13 11 10 9 3
347 3 5 6 11 14 8 6 1 13 11 10 9 3
348 3 5 6 11 14 8 6 1 13 12 9 9 3
349 3 5 6 10 15 8 6 1 13 12 9 9 3
350 3 5 6 10 15 8 6 1 13 11 10 9 3
351 3 5 6 10 15 8 7 1 12 11 10 9 3
352 3 5 6 10 15 8 7 1 12 11 10 9 3
353 3 5 6 10 15 8 7 1 12 11 10 9 3
354 3 5 6 10 15 8 7 1 12 11 10 9 3
355 3 5 6 9 16 8 7 1 12 11 10 9 3
356 3 5 6 9 16 8 7 1 12 11 10 9 3
357 3 5 6 10 15 8 7 1 12 11 10 9 3
358 3 5 6 9 16 8 7 1 12 11 10 9 3
359 3 5 6 10 15 8 7 1 12 11 10 9 3
360 3 5 6 11 14 8 7 1 12 11 10 9 3
361 3 5 6 11 13 8 8 1 12 11 10 9 3
362 3 5 6 10 14 8 8 1 12 11 10 9 3
363 3 5 6 9 15 8 8 1 12 11 10 9 3
364 3 5 6 9 15 8 8 1 12 11 10 9 3
365 3 5 6 9 15 8 8 1 12 11 10 8 4
366 3 5 6 10 14 8 8 1 12 11 10 8 4
367 3 5 6 10 14 8 8 1 12 11 10 8 4
368 3 5 6 10 14 8 8 1 12 11 10 8 4
369 3 5 6 10 14 8 7 1 13 11 10 8 4
370 3 5 6 10 14 8 7 1 13 11 10 8 4
371 3 5 6 10 14 8 8 1 12 11 10 8 4
372 3 5 6 10 14 8 8 1 12 11 10 8 4
373 3 5 6 10 14 8 7 1 13 11 10 8 4
374 3 5 6 10 14 8 7 1 13 11 10 8 4
375 3 5 6 10 14 8 7 1 13 11 10 8 4
376 3 5 6 10 14 8 7 1 13 11 10 8 4
377 3 5 6 10 14 8 7 1 13 11 10 8 4
378 3 5 6 10 14 8 7 1 13 11 10 8 4
379 3 5 6 10 14 8 7 1 13 11 10 8 4
380 3 5 6 10 14 8 7 1 13 11 10 8 4
381 3 6 5 10 14 8 7 1 13 11 10 8 4
382 3 6 5 10 14 8 7 1 13 11 10 8 4
383 3 6 5 10 14 8 7 1 13 11 10 8 4
384 3 7 4 10 14 8 7 1 13 11 10 8 4
385 3 7 4 10 14 8 7 1 13 11 10 8 4
386 3 5 6 10 14 8 7 1 13 11 10 8 4
387 3 5 6 10 14 8 7 1 13 11 10 8 4
388 3 5 5 12 13 8 7 1 13 11 10 8 4
389 3 5 5 12 13 8 7 1 13 11 10 8 4
390 3 5 6 11 13 8 7 1 13 11 10 8 4
391 3 5 6 10 14 8 7 1 13 11 10 8 4
392 3 5 6 10 14 8 7 1 13 11 10 8 4
393 3 5 6 10 14 8 7 1 13 11 10 8 4
394 3 5 6 10 14 8 7 1 13 11 10 8 4
395 3 5 6 10 14 8 7 1 13 11 10 8 4
396 3 6 5 10 14 8 7 1 13 11 10 8 4
397 3 6 5 10 14 8 7 1 13 11 10 8 4
398 3 6 5 10 14 8 7 1 13 11 10 8 4
399 3 6 5 10 14 8 7 1 13 11 10 8 4
400 3 6 5 10 14 8 7 1 13 11 10 8 4
401 3 6 5 10 14 8 7 1 13 11 10 8 4
402 3 6 5 10 14 8 7 1 13 11 10 8 4
403 3 6 4 10 15 8 7 1 13 11 10 8 4
404 3 6 4 10 15 8 7 1 13 11 10 8 4
405 3 6 4 10 15 8 7 1 13 11 10 8 4
406 3 6 4 10 15 8 7 1 13 11 10 8 4
407 3 6 4 10 15 8 7 1 13 11 10 8 4
408 3 6 4 10 15 8 7 1 13 11 10 8 4
409 3 6 4 10 15 8 7 1 13 11 10 8 4
410 3 6 4 11 14 8 7 1 13 11 10 8 4
411 3 6 4 10 15 8 7 1 13 11 10 8 4
412 3 6 4 10 15 8 7 1 13 11 10 8 4
413 3 6 4 10 15 8 7 1 13 11 10 8 4
414 3 6 4 9 15 8 8 1 13 11 10 8 4
415 3 6 4 9 15 8 7 1 14 11 10 8 4
416 3 5 5 8 15 8 8 1 14 11 10 8 4
417 3 5 5 9 14 8 8 1 14 11 10 8 4
418 3 4 5 9 15 8 8 1 14 11 10 8 4
419 3 4 5 9 15 8 8 1 14 11 10 8 4
420 3 4 5 8 16 8 8 1 14 11 10 8 4
421 3 4 5 8 16 8 7 1 15 11 10 8 4
422 3 4 5 8 16 8 7 1 15 11 10 8 4
423 3 4 5 9 15 8 6 1 15 12 10 8 4
424 3 4 5 9 15 8 6 1 14 13 10 8 4
425 3 4 5 10 14 8 6 1 14 13 10 8 4
426 3 4 5 10 14 8 6 1 14 13 10 8 4
427 3 4 5 10 14 8 6 1 14 13 10 8 4
428 3 4 5 10 14 8 6 1 14 13 10 8 4
429 3 4 5 10 14 8 6 1 14 13 10 8 4
430 3 4 5 10 14 8 6 1 14 13 10 8 4
431 3 4 5 10 14 8 7 1 13 13 10 8 4
432 3 4 5 10 14 8 7 1 13 11 11 9 4
433 3 4 5 10 14 8 7 1 13 10 11 9 5
434 3 4 5 10 14 8 7 1 13 11 11 9 4
435 3 4 5 10 14 8 7 1 13 11 11 9 4
436 3 4 5 10 14 8 7 1 13 11 11 9 4
437 3 4 5 10 14 8 7 1 13 11 11 9 4
438 3 4 5 10 14 8 7 1 13 11 11 9 4
439 3 4 5 9 15 8 8 1 12 10 11 9 5
440 3 4 5 9 15 8 8 1 12 9 12 9 5
441 3 4 5 8 16 8 8 1 12 10 11 9 5
442 3 4 5 8 16 8 8 1 12 9 12 9 5
443 3 4 5 9 15 8 8 1 12 10 12 8 5
444 3 4 5 9 15 8 7 1 13 10 11 9 5
445 3 4 5 10 14 8 7 1 13 9 12 8 6
446 3 4 5 10 14 8 7 1 13 9 12 8 6
447 3 4 4 10 15 8 7 1 13 7 14 8 6
448 3 3 5 10 15 8 7 1 13 8 13 8 6
449 3 3 5 10 15 8 7 1 13 9 12 8 6
450 3 3 5 10 15 8 7 1 13 9 12 9 5
451 3 4 4 10 15 8 6 1 14 9 12 9 5
452 3 4 4 10 15 8 6 1 14 9 12 8 6
453 3 3 5 10 15 8 6 1 14 9 12 9 5
454 3 3 5 10 15 8 8 1 12 9 12 9 5
455 3 3 5 10 15 8 8 1 12 10 11 10 4
456 3 3 5 10 15 8 9 1 11 10 11 10 4
457 3 3 5 10 15 8 7 1 13 10 11 9 5
458 3 3 5 10 15 8 7 1 13 10 11 10 4
459 3 3 5 10 15 8 7 1 13 10 11 11 3
460 3 3 5 10 15 8 7 1 13 10 11 11 3
461 3 3 5 10 15 8 7 1 13 11 10 11 3
462 3 3 5 10 15 8 7 1 13 11 10 9 5
463 3 3 5 10 15 8 7 1 13 11 10 9 5
464 3 3 5 10 15 8 7 1 13 11 10 9 5
465 3 3 5 10 15 8 8 1 13 10 10 9 5
466 3 3 5 10 15 8 7 1 13 11 10 9 5
467 3 3 5 10 15 8 7 1 13 10 11 9 5
468 3 3 5 10 15 8 7 1 13 10 11 9 5
469 3 3 5 10 15 8 7 1 13 10 11 10 4
470 3 3 5 10 15 8 6 1 13 12 10 10 4
471 3 3 5 9 16 8 7 1 12 12 10 10 4
472 3 3 5 9 16 8 6 1 13 12 10 10 4
473 3 3 5 9 16 8 6 1 13 12 10 10 4
474 3 3 5 9 16 8 6 1 13 11 11 10 4
475 3 3 5 9 16 8 6 1 13 12 10 10 4
476 3 3 5 10 15 8 6 1 13 12 10 10 4
477 3 3 5 11 14 8 7 1 12 12 10 10 4
478 3 3 5 11 14 8 7 1 12 12 10 10 4
479 3 3 5 11 14 8 7 1 12 12 10 10 4
480 3 3 5 10 15 8 7 1 12 12 10 10 4
481 3 3 5 10 15 8 7 1 12 11 11 10 4
482 3 3 5 9 16 8 7 1 12 12 10 10 4
483 3 3 5 9 16 8 7 1 12 12 10 10 4
484 3 3 5 9 16 8 7 1 12 11 11 10 4
485 3 3 5 10 15 8 8 1 11 11 11 10 4
486 3 3 5 10 15 8 7 1 12 11 11 10 4
487 3 3 5 10 15 8 8 1 12 10 11 10 4
488 3 3 5 10 15 8 7 1 12 11 11 10 4
489 3 3 5 11 14 8 6 1 13 11 11 10 4
490 3 3 5 11 14 8 7 1 12 11 11 10 4
491 3 3 5 11 14 8 7 1 12 11 11 10 4
492 3 3 5 10 15 8 7 1 12 11 11 9 5
493 3 3 5 10 15 8 7 1 12 12 10 9 5
494 3 3 5 10 15 8 7 1 12 12 10 9 5
495 3 3 5 10 15 8 7 1 12 12 10 9 5
496 3 3 5 11 14 8 7 1 12 11 11 9 5
497 3 3 5 11 14 8 7 1 12 12 10 9 5
498 3 3 5 11 14 8 7 1 12 12 10 9 5
499 3 3 5 11 14 8 7 1 12 12 10 9 5
500 3 3 5 10 15 8 7 1 12 12 10 9 5
501 3 3 5 10 15 8 8 1 11 12 10 9 5
502 3 3 5 10 15 8 8 1 11 12 11 9 4
503 3 3 5 9 16 8 8 1 11 11 11 10 4
504 3 3 5 9 16 8 8 1 11 11 10 10 5
505 3 3 5 9 16 8 8 1 11 11 10 10 5
506 3 3 5 9 16 8 7 1 12 10 11 10 5
507 3 3 5 9 16 8 7 1 12 10 11 10 5
508 3 3 5 9 15 8 8 1 12 10 11 10 5
509 3 3 5 9 15 8 7 1 13 11 10 10 5
510 3 3 5 9 15 8 8 1 12 11 10 10 5
511 3 3 5 9 15 8 8 1 12 11 10 10 5
512 3 3 5 9 15 8 8 1 12 12 9 10 5
513 3 3 5 9 15 8 8 1 12 11 10 10 5
514 3 3 5 9 15 8 9 1 11 11 10 10 5
515 3 3 5 10 14 8 9 0 12 11 10 10 5
516 3 3 5 10 14 8 9 0 12 10 11 10 5
517 3 3 5 9 15 8 9 0 12 10 11 10 5
518 3 3 5 9 15 8 9 0 12 10 11 10 5
519 3 3 5 9 15 8 7 1 12 11 11 10 5
520 3 3 5 10 14 8 8 1 11 11 11 10 5
521 3 3 5 9 15 8 8 1 11 11 11 10 5
522 3 3 5 9 15 8 8 1 11 11 11 10 5
523 3 3 5 9 15 8 7 1 12 11 11 10 5
524 3 3 5 9 15 8 7 1 12 11 11 10 5
525 3 3 5 9 15 8 7 1 12 11 11 10 5
526 3 3 5 10 14 8 8 1 11 10 12 10 5
527 3 3 5 10 14 8 6 1 12 11 12 10 5
528 3 3 5 10 13 8 6 1 12 10 13 10 5
529 3 3 5 11 12 8 6 1 12 9 14 10 5
530 3 3 4 11 13 8 6 1 12 9 14 10 5
531 3 3 4 11 13 8 6 1 12 9 14 10 5
532 3 3 4 11 13 8 7 1 11 9 14 10 5
533 3 3 4 11 13 8 7 1 11 10 12 10 6
534 3 3 4 10 14 8 6 1 12 11 11 10 6
535 3 3 4 10 14 8 6 1 12 11 11 10 6
536 3 3 4 10 14 8 6 1 12 11 11 10 6
537 3 3 4 11 13 8 6 1 12 11 11 10 6
538 3 3 4 12 12 8 6 1 12 11 11 10 6
539 3 3 4 11 13 8 6 1 12 11 11 10 6
540 3 3 4 11 13 8 6 1 12 11 12 10 5
541 3 3 4 10 14 8 6 1 12 11 11 10 6
542 3 3 4 10 14 8 6 1 12 10 12 10 6
543 3 3 4 10 14 8 6 1 12 10 12 10 6
544 3 3 4 10 14 8 6 1 12 10 12 10 6
545 3 3 4 10 14 8 6 1 12 10 12 10 6
546 3 3 4 10 14 8 6 1 12 10 12 10 6
547 3 3 4 10 14 8 6 1 12 11 10 10 7
548 3 3 4 10 14 8 6 1 12 11 10 10 7
549 3 3 4 10 13 8 6 2 12 11 10 10 7
550 3 3 4 10 13 8 6 1 13 11 10 10 7
551 3 3 4 10 13 8 6 1 13 11 10 10 7
552 3 3 4 11 12 8 6 1 13 12 10 9 7
553 3 3 4 11 12 8 6 1 13 12 10 9 7
554 3 3 4 11 12 8 7 1 12 12 10 9 7
555 3 3 4 11 12 8 7 1 12 13 9 9 7
556 3 3 4 11 12 8 7 1 12 12 10 9 7
557 3 3 4 11 12 8 7 1 12 12 10 9 7
558 3 3 4 11 12 8 7 1 12 12 10 9 7
559 3 3 4 11 12 8 7 1 12 12 10 9 7
560 3 3 4 12 12 8 7 1 12 12 10 9 7
561 3 3 4 12 12 8 7 1 12 12 10 9 7
562 3 3 4 11 13 8 7 1 12 12 10 9 7
563 3 3 4 12 12 8 8 1 11 12 10 9 7
564 3 3 4 12 12 8 8 1 11 12 10 9 7
565 3 3 4 12 12 8 7 1 11 13 10 9 7
566 3 3 4 12 12 8 7 1 11 13 10 9 7
567 3 3 4 12 12 8 7 1 11 13 10 9 7
568 3 3 4 12 12 8 6 1 12 13 10 9 7
569 3 3 4 12 12 8 6 1 12 13 10 9 7
570 3 3 4 10 14 8 7 1 11 12 11 9 7
571 3 3 4 10 14 8 6 1 12 12 11 9 7
572 3 3 4 10 14 8 6 1 12 12 11 10 6
573 3 3 4 10 14 8 7 1 11 12 11 10 6
574 3 3 4 10 14 8 7 1 11 11 11 10 7
575 3 3 4 10 14 8 7 1 11 11 10 10 8
576 3 3 4 10 14 8 7 1 11 11 10 10 8
577 3 3 4 10 14 8 7 1 11 10 11 11 7
578 3 3 4 10 14 8 8 1 10 10 11 11 7
579 3 3 4 10 14 8 8 1 10 10 11 12 6
580 3 3 4 10 14 8 8 1 10 10 10 12 7
581 3 3 4 10 14 8 8 1 10 10 10 12 7
582 3 3 4 10 14 8 7 1 11 10 10 12 7
583 3 3 4 10 14 8 7 1 11 10 10 12 7
584 3 3 4 10 14 8 7 1 11 10 10 12 7
585 3 3 4 10 14 8 7 1 11 10 10 13 6
586 3 3 4 10 14 8 7 1 11 10 10 13 6
587 3 3 4 10 14 8 7 1 11 9 11 13 6
588 3 3 4 11 13 8 7 1 11 10 10 13 6
589 3 3 4 11 13 8 7 1 11 10 10 13 6
590 3 3 4 11 13 8 7 1 11 10 10 13 6
591 3 3 4 11 13 8 7 1 11 10 10 13 6
592 3 3 4 11 13 8 7 1 11 10 10 13 6
593 3 3 4 11 13 8 7 1 11 10 10 12 7
594 3 3 4 11 13 8 8 1 10 10 10 13 6
595 3 3 4 11 13 8 8 1 10 10 10 13 6
596 3 3 4 11 13 8 8 1 10 9 11 12 7
597 3 3 4 11 13 8 8 1 10 9 10 12 8
598 3 3 4 11 13 8 8 1 10 10 10 12 7
599 3 3 4 11 13 8 8 1 10 10 10 10 9
600 3 3 4 9 14 8 9 1 10 9 11 11 8
601 3 3 4 9 14 8 9 1 10 8 11 11 9
602 3 3 4 9 14 8 9 1 10 9 11 11 8
603 3 3 4 10 13 8 9 1 10 9 11 11 8
604 3 3 4 10 13 8 9 1 10 9 11 12 7
605 3 3 4 10 13 8 8 1 11 10 10 12 7
606 3 3 4 10 13 8 8 1 11 10 10 12 7
607 3 3 4 10 13 8 8 1 11 9 11 12 7
608 3 3 4 10 13 8 9 1 11 9 11 12 6
609 3 3 4 10 13 8 8 1 11 11 10 12 6
610 3 3 4 10 13 8 8 1 11 11 10 11 7
611 3 3 4 11 12 8 8 1 11 11 10 11 7
612 3 3 4 11 12 8 8 1 11 11 10 11 7
613 3 3 4 10 13 8 8 1 11 11 10 11 7
614 3 3 4 10 13 8 7 1 12 10 11 11 7
615 3 3 4 10 13 8 7 1 12 11 10 11 7
616 3 3 4 10 13 8 7 1 12 12 9 12 6
617 3 3 4 11 12 8 7 1 12 11 10 11 7
618 3 3 4 11 12 8 8 1 12 10 10 11 7
619 3 3 4 9 14 8 9 1 12 9 10 11 7
620 3 3 4 10 13 8 10 1 11 9 10 11 7
621 3 3 4 10 13 8 9 1 11 10 10 11 7
622 3 3 4 11 12 8 9 1 11 9 11 11 7
623 3 3 4 11 12 8 9 1 11 10 10 11 7
624 3 3 4 10 13 8 8 1 11 11 10 11 7
625 3 3 4 10 13 8 8 1 11 11 10 11 7
626 3 3 4 9 14 8 8 1 11 10 11 11 7
627 3 3 4 9 14 8 7 1 12 10 11 11 7
628 3 3 4 9 14 8 7 1 12 10 11 11 7
629 3 3 4 9 14 8 7 1 12 11 10 11 7
630 3 3 4 10 13 8 6 1 13 11 9 11 8
631 3 3 4 9 14 8 6 1 13 11 9 11 8
632 3 3 4 9 14 8 6 1 13 11 9 11 8
633 3 3 4 10 13 8 6 1 13 11 9 11 8
634 3 3 4 10 13 8 6 1 13 11 9 11 8
635 3 3 4 10 13 8 6 1 13 11 9 11 8
636 3 3 4 10 13 8 6 1 13 10 10 11 8
637 3 3 4 10 13 8 6 1 13 10 10 11 8
638 3 3 4 10 13 8 7 1 12 9 10 12 8
639 3 3 4 11 12 8 7 1 12 9 10 12 8
640 3 3 4 10 13 8 7 1 12 9 10 12 8
641 3 3 4 10 13 8 7 1 12 9 10 12 8
642 3 3 4 10 13 8 7 1 12 9 10 12 8
643 3 3 5 10 12 8 7 1 12 9 10 12 8
644 3 3 5 10 12 8 7 1 12 9 10 12 8
645 3 3 5 10 11 8 7 2 12 9 9 11 10
646 3 3 4 10 12 8 8 1 12 10 9 10 10
647 3 3 4 10 12 8 7 1 13 10 9 11 9
648 3 3 5 9 12 8 8 0 13 10 9 11 9
649 3 3 5 9 11 8 8 1 13 10 9 11 9
650 3 3 5 10 10 8 8 1 13 10 9 11 9
651 3 3 5 9 11 8 8 1 13 10 9 11 9
652 3 3 5 9 11 8 8 1 13 10 9 11 9
653 3 3 5 8 12 8 8 1 13 10 9 12 8
654 3 3 5 7 12 8 9 1 13 10 9 12 8
655 3 3 5 7 12 8 9 1 13 10 9 12 8
656 3 3 5 7 12 8 9 1 13 10 9 12 8
657 3 3 4 9 11 8 9 1 13 10 9 12 8
658 3 3 4 9 11 8 9 1 13 10 9 12 8
659 3 3 4 9 11 8 8 1 13 11 9 11 9
660 3 3 4 9 11 8 8 1 13 11 9 12 8
661 3 3 4 9 11 8 8 1 13 11 9 12 8
662 3 3 4 9 11 8 7 1 13 12 9 12 8
663 3 3 4 9 11 8 7 1 13 12 9 12 8
664 3 3 4 9 11 8 6 1 13 12 10 11 9
665 3 3 4 9 11 8 8 1 12 11 10 12 8
666 3 3 4 9 11 8 7 1 12 12 11 10 9
667 3 3 4 9 10 8 7 1 12 11 12 9 10
668 3 3 4 9 10 8 7 1 12 11 12 10 9
669 3 3 4 9 10 8 7 1 12 11 12 9 10
670 3 3 4 9 10 8 7 1 12 10 13 9 10
671 3 3 4 10 9 8 7 1 12 10 13 9 10
672 3 3 4 10 9 8 9 1 11 9 12 10 10
673 3 3 4 9 10 8 8 1 12 9 12 10 10
674 3 3 4 8 11 8 8 1 12 9 12 9 11
675 3 3 4 8 11 8 8 1 12 8 11 10 12
676 3 3 4 8 11 8 7 1 12 9 12 11 10
677 3 3 4 8 11 8 7 1 12 11 9 11 11
678 3 3 4 7 12 8 7 1 12 11 8 11 12
679 3 3 4 6 13 8 7 0 13 11 9 11 11
680 3 3 4 7 12 8 8 0 12 11 9 11 11
681 3 3 4 7 13 8 8 0 11 10 10 11 11
682 3 3 4 7 12 8 7 1 12 10 10 11 11
683 3 3 4 8 11 8 7 1 12 10 9 12 11
684 3 3 4 8 10 8 8 1 12 10 9 12 11
685 3 3 4 8 10 8 8 1 12 10 9 12 11
686 3 3 4 9 10 8 9 0 12 9 9 11 12
687 3 3 4 9 10 8 8 1 12 9 9 12 11
688 3 3 5 8 11 8 8 1 12 9 9 12 11
689 3 3 5 8 11 8 8 1 12 9 9 12 11
690 3 3 5 8 11 8 8 1 12 9 9 12 11
691 3 3 5 8 11 8 9 1 11 9 9 12 11
692 3 3 5 8 11 8 9 1 11 9 9 12 11
693 3 3 5 8 11 8 9 1 11 9 9 12 11
694 3 3 5 8 11 8 9 1 11 9 9 12 11
695 3 3 5 8 11 8 9 1 11 9 9 12 11
696 3 3 5 8 11 8 9 1 11 8 10 12 11
697 3 3 5 8 11 8 9 1 11 8 10 12 11
698 3 3 5 8 11 8 8 1 12 8 10 12 11
699 3 3 5 8 11 8 9 1 11 8 10 12 11
700 3 3 5 8 11 8 9 1 11 8 10 12 11
701 3 3 5 8 11 8 9 1 11 8 10 12 11
702 3 3 5 8 11 8 9 1 11 8 10 12 11
703 3 3 5 8 11 8 8 1 11 9 10 12 11
704 3 3 5 8 11 8 8 1 11 9 10 12 11
705 3 3 5 8 11 8 8 1 11 9 10 12 11
706 3 3 5 8 11 8 7 1 12 10 9 12 11
707 3 3 5 8 11 8 7 1 12 10 9 12 11
708 3 3 5 8 11 8 8 1 11 9 10 12 11
709 3 3 5 8 11 8 7 1 12 8 11 12 11
710 3 3 5 8 11 8 7 1 12 8 11 13 10
711 3 3 5 7 12 8 7 1 12 8 11 13 10
712 3 3 5 8 11 8 6 1 13 8 11 13 10
713 3 3 5 7 12 8 6 1 12 9 11 13 10
714 3 3 5 7 12 8 6 1 12 9 11 13 10
715 3 3 5 7 12 8 6 1 12 9 11 13 10
716 3 3 5 7 12 8 6 1 12 9 10 14 10
717 3 3 5 7 12 8 7 1 11 9 10 14 10
718 3 3 5 7 12 8 7 1 11 9 10 14 10
719 3 3 5 7 12 8 7 1 11 10 10 13 10
720 3 3 5 7 12 8 7 1 11 10 10 13 10
721 3 3 5 7 12 8 6 1 12 10 11 12 10
722 3 3 5 7 12 8 6 1 12 10 10 13 10
723 3 3 5 7 12 8 7 1 11 10 10 12 11
724 3 3 5 7 12 8 7 1 11 10 10 12 11
725 3 3 5 7 12 8 8 1 10 10 10 12 11
726 3 3 5 7 12 8 7 1 10 11 10 11 12
727 3 3 5 7 12 8 7 1 10 11 10 12 11
728 3 3 5 7 12 8 8 1 10 10 10 12 11
729 3 3 5 7 12 8 7 1 11 10 10 11 12
730 3 3 5 7 12 8 6 1 11 11 10 10 13
731 3 3 5 7 12 8 6 1 11 11 11 10 12
732 3 3 5 8 11 8 7 1 10 11 11 10 12
733 3 3 5 9 10 8 7 1 10 11 11 10 12
734 3 3 5 8 9 8 7 1 11 10 12 10 12
735 3 3 5 8 9 8 7 1 11 11 11 9 13
736 3 3 5 7 10 8 7 1 11 11 11 9 13
737 3 4 5 7 10 8 7 1 11 11 11 9 13
738 3 4 5 8 9 8 7 1 11 11 11 10 12
739 3 3 6 8 9 8 7 1 11 11 11 10 12
740 3 3 6 8 9 8 7 1 11 11 11 10 12
741 3 3 6 7 9 8 7 1 12 11 11 11 11
742 3 3 6 7 9 8 7 1 12 12 10 11 11
743 3 3 6 7 9 8 9 1 10 12 10 11 11
744 3 3 6 7 9 8 9 1 10 11 11 11 11
745 3 3 6 7 9 8 9 1 10 11 11 11 11
746 3 3 6 6 10 8 9 1 10 10 12 10 12
747 3 3 6 6 10 8 9 1 10 11 11 10 12
748 3 3 6 6 10 8 9 1 10 12 10 10 12
749 3 3 6 6 10 8 9 1 10 11 11 10 12
750 3 3 6 6 10 8 9 1 10 11 11 10 12
751 3 3 6 6 10 8 9 1 10 11 11 10 12
752 3 3 6 6 10 8 9 1 10 11 11 10 12
753 3 3 6 6 10 8 9 1 10 11 11 11 11
754 3 3 6 6 10 8 9 1 10 11 11 11 11
755 3 3 6 6 10 8 9 1 10 11 11 11 11
756 3 3 6 6 10 8 10 1 9 11 11 11 11
757 3 3 6 5 10 8 10 1 10 10 12 11 11
758 3 3 6 6 9 8 10 0 11 10 12 11 11
759 3 3 6 6 9 8 9 1 11 10 12 11 11
760 3 3 6 7 9 8 10 0 10 10 12 11 11
761 3 3 6 7 9 8 7 0 12 12 11 11 11
762 3 3 6 7 9 8 7 0 12 11 12 12 10
763 3 3 6 7 9 8 6 0 12 12 12 12 10
764 3 3 6 8 8 8 8 0 11 11 12 11 11
765 3 3 6 7 9 8 8 0 11 11 12 12 10
766 3 3 6 7 9 8 8 0 11 12 12 11 10
767 3 3 6 7 9 8 8 0 11 13 11 11 10
768 3 3 6 7 9 8 8 0 11 13 11 11 10
769 3 4 6 7 8 8 8 0 11 13 11 11 10
770 3 4 6 7 8 8 8 0 11 13 11 10 11
771 3 3 6 6 10 8 8 0 11 13 11 10 11
772 3 3 6 6 10 8 8 0 11 12 12 10 11
773 3 3 6 6 10 8 7 0 12 12 12 10 11
774 3 3 6 6 10 8 6 0 12 13 12 11 10
775 3 3 6 6 9 8 5 1 12 14 12 11 10
776 3 3 6 7 8 8 5 1 12 14 12 11 10
777 3 3 6 7 8 8 5 1 12 14 12 11 10
778 3 3 6 7 8 8 5 1 12 14 12 11 10
779 3 3 6 7 8 8 5 1 12 14 12 11 10
780 3 3 6 7 8 8 5 1 13 14 11 10 11
781 3 3 6 7 8 8 5 1 13 12 13 10 11
782 3 3 6 7 8 8 5 1 13 11 14 10 11
783 3 3 6 7 8 8 6 1 12 11 14 11 10
784 3 3 6 7 8 8 6 1 12 11 12 11 12
785 3 3 6 7 8 8 6 1 12 11 12 12 11
786 3 3 6 7 8 8 6 1 12 11 13 12 10
787 3 3 6 7 8 8 6 1 12 11 13 12 10
788 3 3 6 7 8 8 6 1 12 12 12 11 11
789 3 3 6 7 8 8 6 1 12 12 12 11 11
790 3 3 6 7 8 8 6 1 12 11 13 11 11
791 3 3 6 6 9 8 6 1 12 11 13 11 11
792 3 3 6 6 9 8 5 1 12 13 12 12 10
793 3 3 6 6 9 8 6 1 12 11 13 12 10
794 3 3 6 6 9 8 6 1 12 11 14 12 9
795 3 3 6 6 9 8 6 1 12 12 12 12 10
796 3 3 6 6 9 8 6 1 12 12 12 12 10
797 3 3 6 6 9 8 6 1 12 12 12 12 10
798 3 3 6 7 8 8 6 1 12 12 12 12 10
799 3 3 6 7 8 8 6 1 12 12 12 12 10
800 3 3 6 7 8 8 6 1 12 12 12 12 10
801 3 3 6 7 8 8 6 1 12 12 12 12 10
802 3 3 6 7 8 8 6 1 12 12 12 12 10
803 3 3 6 7 8 8 6 1 12 12 12 12 10
804 3 3 6 7 8 8 6 1 12 12 12 12 10
805 3 3 6 7 8 8 6 1 12 12 12 12 10
806 3 3 6 7 8 8 6 1 12 12 12 12 10
807 3 3 6 7 8 8 7 1 12 11 12 12 10
808 3 3 6 7 8 8 7 1 12 11 12 12 10
809 3 3 6 7 8 8 7 1 12 11 12 12 10
810 3 3 6 7 8 8 7 1 12 12 11 12 10
811 3 3 6 7 8 8 7 1 12 12 11 12 10
812 3 3 6 7 8 8 7 1 12 12 11 12 10
813 3 3 6 7 8 8 7 1 12 12 11 12 10
814 3 3 6 7 8 8 7 1 12 12 11 12 10
815 3 3 6 7 8 8 7 1 12 13 10 12 10
816 3 3 6 7 8 8 7 1 12 11 12 12 10
817 3 3 6 7 8 8 7 1 12 11 12 12 10
818 3 3 6 7 8 8 7 1 12 12 11 12 10
819 3 3 6 6 9 8 7 1 12 12 11 12 10
820 3 3 7 6 8 8 7 1 12 13 10 12 10
821 3 3 7 6 8 8 7 1 12 13 10 12 10
822 3 3 7 6 8 8 7 1 12 13 10 12 10
823 3 3 7 6 8 8 7 1 12 13 10 12 10
824 3 3 7 6 8 8 8 1 11 12 11 12 10
825 3 3 7 6 8 8 7 1 11 13 11 12 10
826 3 3 7 6 8 8 7 1 11 13 11 12 10
827 3 3 7 6 8 8 7 1 12 13 10 12 10
828 3 3 7 6 8 8 7 1 12 13 10 12 10
829 3 3 7 7 7 8 7 1 12 13 10 12 10
830 3 3 7 7 7 8 6 1 13 13 10 12 10
831 3 3 7 7 7 8 6 1 13 13 10 12 10
832 3 3 7 7 7 8 6 1 13 13 10 12 10
833 3 3 7 7 7 8 6 1 13 13 10 12 10
834 3 3 7 7 7 8 6 1 13 13 10 12 10
835 3 3 7 7 7 8 6 1 13 13 10 12 10
836 3 3 7 6 8 8 8 0 12 13 10 12 10
837 3 3 7 5 8 8 8 1 12 13 10 12 10
838 3 3 7 6 7 8 8 1 12 13 10 12 10
839 3 3 7 6 7 8 8 1 12 13 10 12 10
840 3 3 7 6 7 8 8 1 12 13 10 12 10
841 3 3 7 5 8 8 8 1 12 13 10 12 10
842 3 3 7 5 8 8 8 1 12 13 10 12 10
843 3 3 7 5 8 8 9 1 11 13 10 12 10
844 3 3 7 5 8 8 9 1 11 13 10 12 10
845 3 3 7 5 8 8 9 1 11 12 11 12 10
846 3 3 7 4 9 8 8 1 11 13 11 12 10
847 3 3 7 4 9 8 8 1 11 13 11 12 10
848 3 4 5 5 9 8 9 0 11 12 11 12 10
849 3 4 5 5 9 8 9 0 11 12 11 12 10
850 3 4 6 3 9 8 9 1 11 12 11 12 10
851 3 3 7 4 9 8 9 1 11 12 11 12 10
852 3 3 7 5 8 8 9 1 11 12 11 12 10
853 3 3 7 6 7 8 9 1 11 12 11 12 10
854 3 3 7 5 8 8 9 1 11 12 11 12 10
855 3 3 7 6 7 8 9 1 11 12 11 12 10
856 3 3 7 6 7 8 8 1 12 11 12 12 10
857 3 3 7 6 7 8 9 1 11 11 12 12 10
858 3 3 7 6 7 8 10 1 10 11 12 12 10
859 3 3 7 6 7 8 10 1 10 11 12 12 10
860 3 3 7 6 7 8 10 1 10 11 12 12 10
861 3 3 7 6 7 8 10 1 10 11 12 12 10
862 3 3 7 6 7 8 10 1 10 11 12 12 10
863 3 3 7 6 7 8 9 1 10 12 12 12 10
864 3 3 7 6 7 8 9 1 10 12 12 12 10
865 3 3 7 6 7 8 9 1 10 12 12 12 10
866 3 3 7 6 7 8 9 1 10 12 12 12 10
867 3 3 7 6 6 8 10 1 10 12 12 12 10
868 3 3 7 6 7 8 9 0 11 12 12 12 10
869 3 3 7 6 6 8 9 1 11 12 12 12 10
870 3 3 7 6 6 8 9 1 11 12 12 12 10
871 3 3 7 6 6 8 9 1 11 12 12 12 10
872 3 3 7 6 6 8 9 1 11 12 12 12 10
873 3 3 7 6 6 8 9 1 11 12 12 12 10
874 3 3 7 6 6 8 9 1 11 12 12 12 10
875 3 3 7 5 7 8 9 1 11 12 12 12 10
876 3 3 7 5 7 8 9 1 11 12 12 12 10
877 3 3 6 6 7 8 9 1 11 12 12 12 10
878 3 3 6 6 7 8 8 1 12 12 12 12 10
879 3 3 6 6 7 8 8 1 12 12 12 12 10
880 3 3 6 6 7 8 8 1 12 12 12 12 10
881 3 3 6 6 7 8 7 1 12 13 12 12 10
882 3 3 6 6 7 8 8 1 12 12 12 12 10
883 3 3 6 6 7 8 8 1 12 12 12 12 10
884 3 3 6 6 7 8 8 1 12 12 12 12 10
885 3 3 6 6 7 8 8 1 12 11 13 12 10
886 3 3 6 6 7 8 9 1 11 11 13 12 10
887 3 3 6 6 7 8 9 1 11 11 13 12 10
888 3 3 6 7 6 8 9 1 11 11 13 12 10
889 3 3 6 7 6 8 9 1 11 12 12 12 10
890 3 3 6 7 6 8 9 1 11 13 11 12 10
891 3 4 5 7 6 8 9 1 11 12 12 12 10
892 3 4 5 7 6 8 9 1 11 12 12 12 10
893 3 4 5 7 6 8 9 1 11 12 12 12 10
894 3 4 5 7 6 8 9 1 11 12 12 12 10
895 3 4 5 7 6 8 10 1 11 11 12 12 10
896 3 4 5 7 6 8 10 1 11 12 11 12 10
897 3 4 5 7 6 8 9 1 12 13 10 12 10
898 3 4 5 7 6 8 9 1 12 11 12 12 10
899 3 4 5 7 6 8 9 1 12 11 12 12 10
900 3 4 5 7 6 8 10 1 11 11 12 12 10
901 3 4 5 7 6 8 10 1 11 12 11 12 10
902 3 4 5 7 6 8 9 1 11 12 12 12 10
903 3 4 5 7 6 8 9 1 11 12 12 12 10
904 3 4 5 7 6 8 9 1 12 11 12 12 10
905 3 4 5 7 6 8 8 1 12 12 12 12 10
906 3 4 5 6 7 8 8 1 12 11 13 12 10
907 3 4 5 6 7 8 8 1 12 11 13 12 10
908 3 4 6 5 7 8 7 1 13 11 13 12 10
909 3 4 6 5 7 8 7 1 13 12 11 12 11
910 3 4 6 5 7 8 8 1 12 12 11 12 11
911 3 4 6 6 6 8 8 1 12 12 11 12 11
912 3 4 6 6 6 8 8 1 12 12 11 12 11
913 3 4 6 6 6 8 8 1 12 11 12 12 11
914 3 3 7 6 6 8 8 1 12 11 12 12 11
915 3 4 6 6 6 8 8 1 12 10 13 12 11
916 3 4 6 6 6 8 8 1 12 10 13 12 11
917 3 4 6 6 6 8 7 1 12 11 13 12 11
918 3 4 6 6 6 8 8 1 11 11 13 12 11
919 3 4 6 6 6 8 8 1 11 11 12 12 12
920 3 4 6 6 6 8 8 1 11 11 12 12 12
921 3 4 6 6 6 8 8 1 11 11 12 12 12
922 3 4 6 6 6 8 9 1 11 10 12 12 12
923 3 4 6 6 6 8 9 1 11 10 12 13 11
924 3 4 6 6 6 8 9 1 11 10 11 13 12
925 3 4 6 6 5 8 10 1 11 10 11 13 12
926 3 4 6 6 5 8 10 1 11 10 11 13 12
927 3 4 6 6 5 8 9 1 12 10 11 13 12
928 3 4 6 6 5 8 9 1 12 10 12 13 11
929 3 4 6 6 5 8 9 1 12 10 12 13 11
930 3 4 6 6 5 8 9 1 12 10 11 13 12
931 3 4 6 6 5 8 9 1 12 11 10 13 12
932 3 4 6 6 5 8 8 1 12 11 11 14 11
933 3 4 6 6 5 8 8 1 12 10 12 13 12
934 3 4 5 6 6 8 8 1 12 10 12 13 12
935 3 4 5 6 6 8 8 1 12 10 12 13 12
936 3 4 5 6 6 8 7 1 13 12 10 13 12
937 3 4 5 6 6 8 7 1 13 12 10 12 13
938 3 4 5 6 6 8 7 1 13 12 10 12 13
939 3 4 5 6 6 8 7 1 13 11 11 13 12
940 3 4 5 6 6 8 7 1 13 11 11 13 12
941 3 4 5 6 6 8 7 1 13 11 11 13 12
942 3 4 5 6 6 8 7 1 13 11 10 13 13
943 3 4 5 6 6 8 7 1 13 10 11 13 13
944 3 3 5 7 6 8 7 1 13 10 11 13 13
945 3 3 5 7 6 8 7 1 13 11 10 13 13
946 3 3 5 7 6 8 7 1 13 12 9 13 13
947 3 3 6 6 6 8 7 1 13 12 9 13 13
948 3 3 6 6 6 8 7 1 13 11 10 13 13
949 3 4 5 6 6 8 7 1 13 11 10 12 14
950 3 4 5 6 6 8 7 1 13 11 10 12 14
951 3 4 5 7 5 8 7 1 13 11 10 12 14
952 3 4 5 7 5 8 7 1 13 11 10 12 14
953 3 4 5 7 5 8 7 1 13 11 10 12 14
954 3 4 5 7 5 8 7 1 13 11 10 12 14
955 3 4 5 7 5 8 8 1 12 11 10 12 14
956 3 4 5 7 5 8 8 1 12 11 10 12 14
957 3 4 5 7 5 8 8 1 12 11 10 12 14
958 3 4 5 7 5 8 8 1 12 11 10 12 14
959 3 4 5 7 5 8 8 1 12 11 10 12 14
960 3 4 5 7 5 8 8 1 12 11 10 12 14
961 3 4 5 7 5 8 8 1 12 11 10 12 14
962 3 4 5 7 5 8 8 1 12 11 10 12 14
963 3 4 5 7 5 8 7 1 12 12 10 12 14
964 3 4 5 7 5 8 7 1 12 12 10 12 14
965 3 4 5 7 5 8 7 1 12 12 10 12 14
966 3 4 5 7 5 8 7 1 12 12 10 12 14
967 3 4 5 7 5 8 6 1 12 13 10 12 14
968 3 4 5 7 5 8 6 1 12 13 10 12 14
969 3 4 5 7 5 8 6 1 12 13 10 12 14
970 3 4 5 7 5 8 7 1 12 12 10 12 14
971 3 4 5 7 5 8 7 1 12 12 10 12 14
972 3 4 5 7 5 8 7 1 12 12 10 12 14
973 3 4 5 7 5 8 7 1 12 12 10 12 14
974 3 4 5 6 6 8 7 1 12 12 10 12 14
975 3 4 5 6 6 8 7 1 12 12 10 12 14
976 3 4 5 6 6 8 7 1 12 12 10 12 14
977 3 4 6 6 5 8 7 1 12 12 10 12 14
978 3 4 6 6 5 8 7 1 12 12 10 12 14
979 3 4 6 6 5 8 7 1 12 11 11 12 14
980 3 4 6 6 5 8 7 1 12 11 11 12 14
981 3 4 6 6 5 8 7 1 12 11 11 12 14
982 3 4 6 6 5 8 7 1 12 11 11 12 14
983 3 4 6 6 5 8 7 1 12 10 12 12 14
984 3 4 6 6 5 8 7 1 12 10 12 12 14
985 3 4 6 6 5 8 7 1 12 10 12 12 14
986 3 4 6 6 5 8 7 1 12 10 12 12 14
987 3 4 6 6 5 8 7 1 12 10 12 12 14
988 3 4 6 6 5 8 7 1 12 10 12 12 14
989 3 4 6 7 4 8 7 1 12 10 12 12 14
990 3 4 6 6 4 8 8 1 12 10 12 12 14
991 3 4 6 6 4 8 7 1 13 10 12 12 14
992 3 4 6 6 4 8 8 0 13 10 12 12 14
993 3 4 6 6 4 8 8 0 13 10 12 12 14
994 3 4 6 6 4 8 8 0 13 10 12 12 14
995 3 4 6 6 4 8 7 1 13 10 12 13 13
996 3 4 6 6 4 8 7 1 13 10 11 13 14
997 3 4 6 6 4 8 7 1 13 10 11 13 14
998 3 4 6 6 4 8 7 1 13 10 11 13 14
999 3 4 6 6 4 8 7 1 13 10 11 13 14
1000 3 4 6 6 4 8 7 1 13 10 11 13 14
1001 3 4 6 6 4 8 7 1 13 10 11 13 14
1002 3 4 6 6 4 8 7 1 13 10 11 13 14
1003 3 4 6 6 4 8 7 1 13 10 11 14 13
1004 3 4 6 6 4 8 7 1 13 10 11 13 14
1005 3 4 5 5 6 8 7 1 13 10 11 13 14
1006 3 4 5 6 5 8 7 1 13 10 11 13 14
1007 3 4 5 6 5 8 7 1 13 10 11 14 13
1008 3 4 5 6 5 8 7 1 13 10 11 14 13
1009 3 4 5 6 5 8 7 1 13 10 11 14 13
1010 3 4 5 6 5 8 7 1 13 11 10 14 13
1011 3 4 5 6 5 8 7 1 13 11 10 14 13
1012 3 4 5 6 5 8 7 1 13 11 10 14 13
1013 3 4 5 6 5 8 7 1 13 11 10 14 13
1014 3 4 5 6 5 8 7 1 13 11 10 14 13
1015 3 4 5 6 5 8 7 1 13 11 10 14 13
1016 3 4 5 6 5 8 7 1 13 11 10 14 13
1017 3 4 5 6 5 8 7 1 13 11 10 14 13
1018 3 4 5 6 5 8 7 1 13 11 10 14 13
1019 3 4 5 6 5 8 7 1 13 11 10 14 13
1020 3 4 5 6 5 8 7 1 13 11 10 14 13
1021 3 4 5 6 5 8 7 1 13 11 10 14 13
1022 3 4 5 6 5 8 7 1 13 11 10 14 13
1023 3 4 5 6 5 8 7 1 13 11 10 14 13
1024 3 4 5 6 5 8 7 1 13 11 10 14 13
1025 3 4 5 6 5 8 7 1 13 10 11 14 13
1026 3 4 5 6 5 8 7 1 13 10 11 14 13
1027 3 4 5 6 5 8 7 1 13 10 11 14 13
1028 3 4 5 6 5 8 7 1 13 10 11 14 13
1029 3 4 5 6 5 8 7 1 13 10 11 13 14
1030 3 4 5 5 6 8 7 1 13 11 10 13 14
1031 3 3 5 5 6 8 7 1 13 11 10 13 14
1032 3 3 5 5 5 8 8 1 13 10 11 13 14
1033 3 3 5 5 5 8 8 1 13 10 11 13 14
1034 3 3 5 5 5 8 8 1 13 10 11 13 14
1035 3 3 5 5 5 8 8 1 13 10 11 13 14
1036 3 3 5 5 5 8 9 1 12 10 11 13 14
1037 3 3 5 5 6 8 9 1 12 10 11 13 14
1038 3 3 5 4 6 8 10 1 12 10 11 13 14
1039 3 3 5 4 6 8 10 1 12 10 11 13 14
1040 3 3 5 5 5 8 10 1 12 10 11 13 14
1041 3 3 5 5 5 8 9 1 13 10 11 13 14
1042 3 3 5 5 5 8 9 1 13 10 11 13 14
1043 3 3 5 5 5 8 9 1 13 10 11 13 14
1044 3 3 5 5 5 8 9 1 13 10 11 13 14
1045 3 3 5 5 5 8 9 1 13 10 11 13 14
1046 3 3 5 5 5 8 9 1 13 10 11 13 14
1047 3 3 5 4 6 8 8 1 14 10 11 13 14
1048 3 3 5 4 6 8 7 1 14 11 11 13 14
1049 3 3 5 4 6 8 7 1 14 11 11 13 14
1050 3 3 5 4 6 8 8 1 13 11 11 13 14
1051 3 3 5 4 6 8 8 1 13 11 11 13 14
1052 3 3 5 4 6 8 8 1 13 11 11 13 14
1053 3 3 5 4 6 8 8 1 12 12 11 13 14
1054 3 3 5 4 6 8 8 1 12 12 11 13 14
1055 3 3 5 5 5 8 8 1 12 11 12 13 14
1056 3 3 5 5 5 8 7 1 12 12 12 13 14
1057 3 3 5 5 5 8 7 1 12 12 12 13 14
1058 3 3 5 5 5 8 8 1 12 11 12 13 14
1059 3 3 5 5 5 8 8 1 12 10 13 13 14
1060 3 3 5 5 5 8 7 1 12 12 12 13 14
1061 3 3 5 5 5 8 7 1 12 11 13 13 14
1062 3 3 5 5 5 8 7 1 12 11 13 13 14
1063 3 3 5 5 5 8 8 1 12 11 12 13 14
1064 3 3 6 5 4 8 7 1 12 12 12 13 14
1065 3 3 6 5 4 8 7 1 12 12 12 13 14
1066 3 3 6 5 4 8 7 1 12 12 12 13 14
1067 3 3 6 5 4 8 8 1 12 10 13 13 14
1068 3 3 6 6 3 8 8 1 12 10 13 13 14
1069 3 3 6 6 3 8 9 1 11 10 12 13 15
1070 3 3 6 6 3 8 9 1 11 10 12 13 15
1071 3 3 6 6 3 8 9 1 11 11 12 13 14
1072 3 3 6 6 3 8 9 1 11 11 12 13 14
1073 3 3 6 6 3 8 9 1 11 11 12 13 14
1074 3 3 6 6 3 8 8 1 12 11 12 13 14
1075 3 3 6 6 3 8 8 1 12 11 12 13 14
1076 3 3 6 6 3 8 8 1 12 11 12 13 14
1077 3 3 6 6 3 8 8 1 12 11 12 13 14
1078 3 3 6 6 3 8 8 1 12 11 12 13 14
1079 3 3 6 6 3 8 8 1 12 11 12 13 14
1080 3 3 6 6 3 8 8 1 12 11 12 13 14
1081 3 3 6 6 3 8 8 1 12 11 12 13 14
1082 3 3 6 6 3 8 8 1 12 11 12 14 13
1083 3 3 6 6 3 8 8 1 12 11 12 14 13
1084 3 3 6 6 3 8 8 1 12 11 12 13 14
1085 3 3 5 6 4 8 8 1 12 11 12 13 14
1086 3 3 5 6 4 8 8 1 12 11 12 13 14
1087 3 3 5 6 4 8 8 1 12 11 12 13 14
1088 3 3 5 6 4 8 8 1 12 11 12 13 14
1089 3 3 5 6 4 8 8 1 12 11 12 13 14
1090 3 3 5 6 4 8 8 1 12 11 12 14 13
1091 3 3 5 6 4 8 8 1 12 11 12 14 13
1092 3 3 5 6 4 8 8 1 12 11 12 14 13
1093 3 3 5 6 4 8 8 1 12 11 12 14 13
1094 3 3 5 6 4 8 8 1 12 11 12 14 13
1095 3 3 5 6 4 8 8 1 12 10 13 14 13
1096 3 3 5 6 4 8 8 1 12 10 13 14 13
1097 3 3 5 6 4 8 8 1 12 10 13 14 13
1098 3 3 5 6 4 8 8 1 12 10 13 14 13
1099 3 3 5 6 4 8 8 1 12 10 13 14 13
1100 3 3 5 6 4 8 8 1 12 10 13 14 13
1101 3 3 5 6 4 8 8 1 12 10 13 14 13
1102 3 3 5 6 4 8 8 1 12 10 13 14 13
1103 3 3 5 6 4 8 8 1 12 10 13 14 13
1104 3 3 5 6 4 8 8 1 12 10 13 14 13
1105 3 3 5 6 4 8 8 1 12 10 13 14 13
1106 3 3 5 6 4 8 8 1 12 10 13 14 13
1107 3 3 5 6 4 8 8 1 12 10 13 14 13
1108 3 3 5 6 4 8 8 1 12 10 13 14 13
1109 3 3 5 6 4 8 8 1 12 10 13 14 13
1110 3 3 5 6 4 8 8 1 12 10 13 14 13
1111 3 3 5 6 4 8 8 1 12 10 13 14 13
1112 3 3 5 6 4 8 8 1 12 10 13 14 13
1113 3 3 5 6 4 8 8 1 12 10 13 14 13
1114 3 3 5 6 4 8 8 1 12 10 13 14 13
1115 3 3 5 6 4 8 8 1 12 10 13 14 13
1116 3 3 5 6 4 8 8 1 12 10 13 14 13
1117 3 3 5 6 4 8 8 1 12 10 13 14 13
1118 3 3 5 6 4 8 8 1 12 10 13 14 13
1119 3 3 5 6 4 8 8 1 12 10 13 14 13
1120 3 3 5 6 4 8 8 1 12 10 13 14 13
1121 3 3 5 6 4 8 8 1 12 10 13 14 13
1122 3 3 5 6 4 8 8 1 12 10 13 14 13
1123 3 3 5 6 4 8 8 1 12 10 13 14 13
1124 3 3 5 6 4 8 8 1 12 10 13 14 13
1125 3 3 5 6 4 8 8 1 12 10 13 14 13
1126 3 3 5 6 4 8 8 1 12 10 13 14 13
1127 3 3 5 6 4 8 8 1 12 11 12 14 13
1128 3 3 5 6 4 8 8 1 12 11 12 14 13
1129 3 3 5 5 4 8 9 1 12 11 12 14 13
1130 3 3 5 5 4 8 9 1 12 11 12 13 14
1131 3 3 5 5 4 8 9 1 12 11 12 13 14
1132 3 3 5 5 4 8 9 1 12 11 12 13 14
1133 3 3 5 5 4 8 8 1 13 11 12 13 14
1134 3 3 5 5 4 8 9 1 12 11 12 13 14
1135 3 3 5 4 5 8 9 1 12 11 12 13 14
1136 3 3 5 4 5 8 8 1 12 12 12 13 14
1137 3 3 5 3 5 8 9 1 12 12 12 13 14
1138 3 3 5 3 5 8 9 1 12 12 12 13 14
1139 3 3 5 3 5 8 9 1 12 12 12 13 14
1140 3 3 5 4 4 8 9 1 12 12 12 13 14
1141 3 3 5 4 4 8 8 1 13 12 12 13 14
1142 3 3 5 4 4 8 9 1 12 12 12 13 14
1143 3 3 5 4 4 8 8 1 13 10 14 13 14
1144 3 3 5 4 4 8 8 1 13 10 14 13 14
1145 3 3 5 4 4 8 8 1 13 10 14 13 14
1146 3 3 5 4 4 8 8 1 13 10 14 13 14
1147 3 3 5 4 4 8 8 1 13 10 13 14 14
1148 3 3 5 4 4 8 8 1 13 11 11 14 15
1149 3 3 5 4 4 8 8 1 13 11 11 14 15
1150 3 3 5 4 4 8 8 1 13 11 11 13 16
1151 3 3 5 4 4 8 8 1 13 11 11 13 16
1152 3 3 5 4 4 8 8 1 13 11 11 13 16
1153 3 3 5 4 4 8 8 1 13 11 11 13 16
1154 3 3 5 4 4 8 9 1 12 11 11 13 16
1155 3 3 5 4 4 8 8 1 13 11 11 13 16
1156 3 3 5 4 4 8 8 1 13 11 12 13 15
1157 3 3 5 4 4 8 8 1 13 11 12 13 15
1158 3 3 5 4 4 8 8 1 13 11 12 13 15
1159 3 3 5 4 4 8 8 1 13 11 12 13 15
1160 3 3 5 4 4 8 8 1 13 11 12 13 15
1161 3 3 5 4 4 8 9 1 12 11 12 13 15
1162 3 3 5 4 4 8 9 1 12 11 12 13 15
1163 3 3 5 4 4 8 8 1 13 10 13 13 15
1164 3 3 5 4 4 8 8 1 13 10 13 13 15
1165 3 3 5 4 4 8 8 1 13 10 13 13 15
1166 3 3 5 4 4 8 8 1 13 10 13 13 15
1167 3 3 5 4 4 8 8 1 13 10 13 13 15
1168 3 3 5 4 4 8 8 1 13 10 13 13 15
1169 3 3 5 4 4 8 8 1 13 10 13 13 15
1170 3 3 5 4 4 8 8 1 13 10 13 13 15
1171 3 3 5 4 4 8 8 1 13 10 13 13 15
1172 3 3 5 4 4 8 8 1 13 10 13 13 15
1173 3 3 5 4 4 8 8 1 13 10 13 13 15
1174 3 3 5 4 4 8 8 1 13 10 13 13 15
1175 3 3 5 4 4 8 8 1 13 10 13 13 15
1176 3 3 5 4 4 8 8 1 13 10 13 13 15
1177 3 3 5 4 4 8 8 1 13 10 13 13 15
1178 3 3 5 4 4 8 8 1 13 10 13 14 14
1179 3 3 5 4 4 8 8 1 13 10 13 13 15
1180 3 3 5 4 4 8 8 1 13 10 13 14 14
1181 3 3 5 4 4 8 8 1 13 10 13 14 14
1182 3 3 5 4 4 8 8 1 13 10 13 14 14
1183 3 3 5 4 4 8 8 1 13 10 13 14 14
1184 3 3 5 4 4 8 8 1 13 10 13 14 14
1185 3 3 5 4 4 8 8 1 13 10 13 14 14
1186 3 3 5 4 4 8 8 1 13 10 13 14 14
1187 3 3 5 4 4 8 8 1 13 10 13 15 13
1188 3 3 5 3 4 8 9 1 13 10 13 15 13
1189 3 3 5 3 4 8 9 1 13 10 13 15 13
1190 3 3 5 3 4 8 9 1 13 10 13 14 14
1191 3 3 5 4 3 8 9 1 13 10 13 14 14
1192 3 3 5 3 4 8 9 1 13 10 13 15 13
1193 3 3 5 3 4 8 9 1 13 10 13 15 13
1194 3 3 5 4 3 8 9 0 14 10 13 16 12
1195 3 3 5 4 3 8 9 0 14 10 13 16 12
1196 3 3 5 3 3 8 10 1 13 10 13 16 12
1197 3 3 5 3 3 8 11 0 13 10 13 16 12
1198 3 3 5 3 3 8 10 1 13 10 13 16 12
1199 3 3 5 3 3 8 9 1 14 10 13 16 12
1200 3 3 5 3 3 8 7 1 14 12 13 16 12
1201 3 3 5 3 3 8 8 1 14 11 13 16 12
1202 3 3 5 3 3 8 7 1 14 12 13 16 12
1203 3 3 5 3 3 8 7 1 14 12 13 16 12
1204 3 3 5 3 3 8 7 1 14 11 14 16 12
1205 3 3 5 3 3 8 7 1 13 12 14 16 12
1206 3 3 5 3 3 8 6 1 14 12 14 16 12
1207 3 3 5 3 3 8 7 1 12 14 12 16 13
1208 3 3 5 3 3 8 7 1 12 14 12 16 13
1209 3 3 5 3 3 8 7 1 12 12 14 16 13
1210 3 3 5 3 3 8 7 1 12 12 14 16 13
1211 3 3 5 3 3 8 6 1 12 12 15 16 13
1212 3 3 5 3 3 8 6 1 12 12 14 16 14
1213 3 3 5 3 3 8 6 1 12 12 14 16 14
1214 3 3 5 3 3 8 5 1 12 12 15 16 14
1215 3 3 5 3 3 8 6 1 12 12 14 16 14
1216 3 3 5 3 3 8 6 0 13 13 14 15 14
1217 3 3 5 3 3 8 6 0 13 13 13 15 15
1218 3 3 5 3 3 8 6 0 13 12 13 16 15
1219 3 3 5 4 2 8 6 0 13 12 13 16 15
1220 3 3 5 4 2 8 6 0 13 12 13 16 15
1221 3 3 5 4 2 8 6 0 13 12 13 16 15
1222 3 3 5 4 2 8 7 0 12 13 12 16 15
1223 3 3 5 4 2 8 7 0 12 13 11 15 17
1224 3 3 5 3 3 8 7 0 12 13 11 17 15
1225 3 3 5 3 3 8 7 0 12 13 11 17 15
1226 3 3 5 3 3 8 7 0 12 13 11 17 15
1227 3 3 5 3 3 8 7 0 12 14 11 16 15
1228 3 3 5 3 3 8 7 0 12 13 12 16 15
1229 3 3 5 3 3 8 7 0 12 13 11 16 16
1230 3 3 5 3 3 8 7 0 12 14 10 16 16
1231 3 3 5 3 3 8 6 0 12 14 11 16 16
1232 3 3 5 3 3 8 6 0 12 14 11 16 16
1233 3 3 5 3 3 8 6 0 12 14 11 16 16
1234 3 3 5 3 3 8 6 0 13 12 12 16 16
1235 3 3 5 3 3 8 6 0 13 12 12 16 16
1236 3 3 5 3 3 8 6 0 13 12 12 16 16
1237 3 3 5 3 3 8 6 0 13 12 12 16 16
1238 3 3 5 3 3 8 7 0 12 12 12 16 16
1239 3 3 5 3 3 8 7 0 12 12 12 16 16
1240 3 3 5 3 3 8 7 0 12 12 12 16 16
1241 3 3 5 3 3 8 7 0 12 12 12 16 16
1242 3 3 5 3 3 8 7 0 12 12 12 16 16
1243 3 3 5 3 3 8 7 0 12 12 12 16 16
1244 3 3 5 3 3 8 7 0 12 12 12 16 16
1245 3 3 5 3 3 8 7 0 12 12 12 16 16
1246 3 3 5 3 3 8 7 0 12 12 12 16 16
1247 3 3 5 3 3 8 7 0 12 12 12 16 16
1248 3 3 5 3 3 8 7 0 12 12 12 16 16
1249 3 3 5 3 3 8 7 0 12 12 12 16 16
1250 3 3 5 3 3 8 7 0 12 12 12 16 16
1251 3 3 5 3 3 8 7 0 12 12 12 16 16
