#IDXCOL=1,DATACOL=6,SEP=' '
timeStep areaDensityCounting-PID5 areaDensityCounting-PID7 areaDensityCounting-PID8 areaDensityCounting-PID9 areaDensityCounting-PID10 areaDensityCounting-PID11
1 0 0 10 0 10 6
2 0 0 10 0 10 6
3 2 3 7 4 6 8
4 3 3 6 5 5 8
5 3 4 5 5 4 9
6 3 4 5 5 4 9
7 3 4 5 5 3 9
8 4 3 6 4 4 8
9 3 3 6 4 4 9
10 4 3 6 5 4 8
11 4 3 6 5 4 8
12 4 4 6 4 4 8
13 4 4 5 3 5 8
14 4 3 4 4 4 9
15 4 3 4 5 4 9
16 4 3 5 5 4 8
17 4 3 6 4 3 9
18 4 3 5 4 4 9
19 4 3 6 5 3 9
20 4 4 5 5 3 9
21 4 6 4 5 3 8
22 4 6 3 5 3 8
23 4 6 4 5 3 8
24 3 5 4 6 3 9
25 3 5 4 5 4 8
26 3 4 5 6 3 8
27 3 4 5 6 3 8
28 3 4 5 6 3 8
29 3 5 5 5 4 8
30 3 4 6 5 4 8
31 4 6 4 6 3 7
32 4 7 4 5 4 6
33 5 7 3 6 3 6
34 6 6 3 6 4 5
35 4 5 4 6 4 7
36 5 5 4 5 5 6
37 4 5 4 4 6 7
38 3 6 3 5 5 8
39 3 6 3 5 5 8
40 4 6 3 5 5 7
41 5 6 3 5 5 6
42 4 6 3 6 4 7
43 3 6 3 6 4 8
44 3 7 2 6 4 8
45 3 6 3 6 4 8
46 4 6 3 6 4 7
47 3 5 3 6 5 8
48 3 5 4 6 5 7
49 3 5 4 6 5 7
50 2 5 4 5 6 8
51 3 4 4 5 7 7
52 3 4 4 5 7 7
53 2 4 5 5 6 8
54 3 5 4 5 6 7
55 2 5 4 6 5 8
56 3 5 4 6 5 7
57 3 5 4 6 5 7
58 3 5 4 7 4 7
59 4 5 4 6 5 6
60 4 5 4 6 5 6
61 5 5 4 5 6 5
62 4 5 4 5 6 6
63 4 5 4 6 5 6
64 5 5 4 7 4 5
65 5 5 4 7 4 5
66 4 5 4 5 6 6
67 4 5 4 5 5 6
68 5 5 4 5 5 5
69 5 5 5 3 7 5
70 5 7 5 4 4 5
71 5 7 4 4 5 5
72 5 7 3 4 5 5
73 4 8 3 4 4 6
74 4 6 4 4 5 6
75 4 6 4 5 4 6
76 4 6 4 5 4 6
77 4 6 4 5 4 6
78 4 6 4 6 3 6
79 4 6 4 5 4 6
80 4 5 4 5 5 6
81 5 6 4 4 5 5
82 5 7 4 4 5 4
83 5 7 4 4 5 4
84 6 6 4 4 5 4
85 6 6 4 4 5 4
86 5 7 3 4 5 5
87 5 7 3 5 4 5
88 5 7 3 5 4 5
89 5 7 3 5 4 5
90 5 7 3 6 3 5
91 5 7 3 6 3 5
92 5 6 4 6 3 5
93 5 6 4 6 3 5
94 5 7 5 4 4 4
95 5 8 4 4 4 4
96 5 6 6 5 3 4
97 5 6 6 5 3 4
98 4 8 5 5 3 5
99 6 7 6 4 3 4
100 7 7 5 5 2 4
101 7 8 4 5 2 4
102 7 7 6 4 2 4
103 8 5 6 5 2 4
104 8 5 6 5 2 4
105 7 7 5 5 2 4
106 7 7 4 5 2 5
107 8 6 5 4 2 5
108 7 6 4 4 3 6
109 7 7 3 4 3 6
110 7 6 4 4 3 6
111 6 7 4 4 3 6
112 7 7 3 4 3 6
113 7 6 5 3 3 6
114 7 6 4 4 3 6
115 7 7 3 4 3 6
116 7 6 3 4 3 7
117 7 6 3 4 3 7
118 8 6 4 3 3 6
119 8 5 4 3 4 6
120 7 7 2 3 4 7
121 7 7 2 3 4 7
122 6 5 3 4 4 8
123 6 7 1 4 4 8
124 8 7 1 4 3 7
125 8 5 4 3 4 6
126 6 5 5 3 3 8
127 8 5 5 3 3 6
128 8 5 4 3 4 6
129 9 5 3 3 3 5
130 9 5 3 3 3 5
131 8 5 4 3 3 6
132 7 5 4 3 3 7
133 8 6 3 3 3 6
134 7 6 3 3 4 7
135 6 6 3 3 4 7
136 6 7 3 4 3 7
137 7 7 2 4 3 7
138 8 7 3 4 2 5
139 7 7 4 4 3 5
140 6 9 3 2 4 6
141 5 9 3 3 4 6
142 5 9 3 3 4 6
143 5 9 2 3 4 7
144 5 9 3 3 3 7
145 5 9 4 3 3 6
146 5 9 4 3 3 6
147 6 8 5 3 3 5
148 6 9 4 3 3 5
149 6 10 3 3 3 5
150 6 10 4 3 3 4
151 6 10 4 3 3 4
152 6 9 4 3 3 5
153 6 8 5 3 3 5
154 7 9 4 3 3 4
155 7 9 4 3 3 4
156 6 9 4 3 3 5
157 6 9 3 4 2 5
158 6 8 4 4 2 5
159 6 8 5 4 2 5
160 6 8 4 4 2 5
161 7 8 3 4 2 5
162 6 9 2 4 3 6
163 6 10 2 4 3 5
164 6 10 2 5 2 5
165 6 9 2 5 3 5
166 6 9 2 5 3 5
167 5 9 3 4 4 5
168 4 9 3 4 3 6
169 4 9 3 5 3 6
170 4 8 4 5 3 6
171 4 8 4 5 3 6
172 3 8 5 6 2 6
173 2 8 5 6 2 7
174 3 8 6 6 2 5
175 4 8 4 6 3 4
176 4 9 4 6 2 4
177 4 9 4 6 2 5
178 4 9 3 6 3 5
179 4 10 3 6 3 4
180 5 8 5 6 3 3
181 5 9 4 6 3 3
182 5 9 4 7 2 3
183 5 9 4 7 2 3
184 5 7 5 6 3 3
185 5 7 4 5 5 3
186 4 8 3 7 3 4
187 4 6 5 7 3 4
188 3 7 5 7 3 4
189 4 6 5 7 3 4
190 4 6 5 7 3 4
191 4 7 4 7 3 3
192 4 7 4 7 3 3
193 4 7 4 7 3 3
194 4 8 3 7 3 3
195 4 7 4 7 3 3
196 4 8 3 7 3 3
197 4 8 2 7 4 3
198 4 7 3 8 3 3
199 4 6 5 7 4 3
200 4 7 4 7 4 3
201 4 7 4 8 3 3
202 4 6 5 8 3 3
203 4 6 4 8 4 3
204 4 6 4 8 4 3
205 4 6 4 8 4 3
206 4 6 5 7 4 3
207 4 6 5 7 4 3
208 4 6 4 8 4 3
209 4 6 4 8 4 3
210 4 6 4 8 4 3
211 4 6 4 8 3 3
212 4 6 4 9 3 3
213 4 6 4 9 3 3
214 4 7 3 9 3 3
215 4 7 3 9 3 3
216 4 7 3 9 3 3
217 4 7 3 8 4 3
218 4 7 3 7 5 3
219 4 7 3 7 5 3
220 4 7 3 8 4 3
221 4 7 3 8 4 3
222 4 7 3 8 4 3
223 4 7 3 7 5 3
224 4 7 3 7 5 3
225 4 7 3 7 5 3
226 4 7 3 7 5 3
227 4 7 3 7 5 3
228 4 7 3 7 5 3
229 4 7 3 7 5 3
230 4 7 3 7 5 3
231 4 7 3 7 5 3
232 4 7 3 7 5 3
233 4 6 4 7 5 3
234 4 6 4 7 5 3
235 4 6 4 7 5 3
236 4 6 4 7 5 3
237 4 6 4 7 5 3
238 4 6 4 7 5 3
239 4 6 4 7 5 3
240 4 6 4 7 5 3
241 4 6 4 7 5 3
242 4 6 4 7 5 3
243 4 6 4 7 5 3
244 4 6 4 7 5 3
245 4 6 4 7 5 3
246 4 6 4 7 5 3
247 4 6 4 7 5 3
248 4 6 4 7 5 3
249 4 6 4 7 5 3
250 5 6 4 7 5 2
251 5 7 3 7 5 2
